﻿Index,Date,Time,Readings (°C),Readings(%RH),Type
1,2020-10-25,13.28.04,0,5,97,2,
2,2020-10-25,15.28.04,0,1,97,4,
3,2020-10-25,17.28.04,0,3,97,7,
4,2020-10-25,19.28.04,0,5,97,5,
5,2020-10-25,21.28.04,0,8,97,4,
6,2020-10-25,23.28.04,1,0,96,9,
7,2020-10-26,01.28.04,1,5,97,2,
8,2020-10-26,03.28.04,2,3,97,6,
9,2020-10-26,05.28.04,3,2,98,0,
10,2020-10-26,07.28.04,4,1,98,1,
11,2020-10-26,09.28.04,5,3,98,1,
12,2020-10-26,11.28.04,6,4,98,2,
13,2020-10-26,13.28.04,7,5,98,2,
14,2020-10-26,15.28.04,8,0,98,1,
15,2020-10-26,17.28.04,7,6,98,2,
16,2020-10-26,19.28.04,7,5,98,2,
17,2020-10-26,21.28.04,7,4,98,2,
18,2020-10-26,23.28.04,7,6,98,2,
19,2020-10-27,01.28.04,7,6,98,2,
20,2020-10-27,03.28.04,7,7,98,2,
21,2020-10-27,05.28.04,7,7,98,2,
22,2020-10-27,07.28.04,7,7,98,2,
23,2020-10-27,09.28.04,7,8,98,2,
24,2020-10-27,11.28.04,8,2,98,2,
25,2020-10-27,13.28.04,8,8,98,1,
26,2020-10-27,15.28.04,9,0,98,1,
27,2020-10-27,17.28.04,9,2,98,1,
28,2020-10-27,19.28.04,9,4,98,1,
29,2020-10-27,21.28.04,9,6,98,1,
30,2020-10-27,23.28.04,9,3,98,1,
31,2020-10-28,01.28.04,8,7,98,1,
32,2020-10-28,03.28.04,7,9,98,1,
33,2020-10-28,05.28.04,7,3,98,2,
34,2020-10-28,07.28.04,6,8,98,2,
35,2020-10-28,09.28.04,7,0,98,2,
36,2020-10-28,11.28.04,7,1,98,2,
37,2020-10-28,13.28.04,6,8,98,3,
38,2020-10-28,15.28.04,6,7,98,3,
39,2020-10-28,17.28.04,6,6,98,3,
40,2020-10-28,19.28.04,6,6,98,3,
41,2020-10-28,21.28.04,6,8,98,3,
42,2020-10-28,23.28.04,6,8,98,3,
43,2020-10-29,01.28.04,6,8,98,3,
44,2020-10-29,03.28.04,6,7,98,3,
45,2020-10-29,05.28.04,6,8,98,3,
46,2020-10-29,07.28.04,7,0,98,3,
47,2020-10-29,09.28.04,6,8,98,3,
48,2020-10-29,11.28.04,7,2,98,3,
49,2020-10-29,13.28.04,7,4,98,3,
50,2020-10-29,15.28.04,7,0,98,3,
51,2020-10-29,17.28.04,6,3,98,3,
52,2020-10-29,19.28.04,6,4,98,4,
53,2020-10-29,21.28.04,6,0,98,4,
54,2020-10-29,23.28.04,6,3,98,4,
55,2020-10-30,01.28.04,6,3,98,4,
56,2020-10-30,03.28.04,5,9,98,4,
57,2020-10-30,05.28.04,6,1,98,4,
58,2020-10-30,07.28.04,6,0,98,4,
59,2020-10-30,09.28.04,6,3,98,4,
60,2020-10-30,11.28.04,6,8,98,4,
61,2020-10-30,13.28.04,6,6,98,3,
62,2020-10-30,15.28.04,4,8,98,3,
63,2020-10-30,17.28.04,2,4,97,1,
64,2020-10-30,19.28.04,0,7,97,4,
65,2020-10-30,21.28.04,-0,6,97,4,
66,2020-10-30,23.28.04,-1,0,97,5,
67,2020-10-31,01.28.04,-1,3,96,1,
68,2020-10-31,03.28.04,-1,6,95,7,
69,2020-10-31,05.28.04,-1,9,95,4,
70,2020-10-31,07.28.04,-2,0,95,0,
71,2020-10-31,09.28.04,-1,9,93,9,
72,2020-10-31,11.28.04,-1,6,93,5,
73,2020-10-31,13.28.04,-1,4,93,8,
74,2020-10-31,15.28.04,-1,6,94,0,
75,2020-10-31,17.28.04,-1,4,94,5,
76,2020-10-31,19.28.04,-1,5,94,8,
77,2020-10-31,21.28.04,-1,0,95,1,
78,2020-10-31,23.28.04,-0,5,95,3,
79,2020-11-01,01.28.04,-0,1,96,1,
80,2020-11-01,03.28.04,0,2,97,2,
81,2020-11-01,05.28.04,0,8,97,7,
82,2020-11-01,07.28.04,1,7,97,9,
83,2020-11-01,09.28.04,2,8,98,1,
84,2020-11-01,11.28.04,3,9,98,2,
85,2020-11-01,13.28.04,4,2,98,2,
86,2020-11-01,15.28.04,4,2,98,2,
87,2020-11-01,17.28.04,4,0,98,2,
88,2020-11-01,19.28.04,3,2,96,1,
89,2020-11-01,21.28.04,2,8,95,5,
90,2020-11-01,23.28.04,2,5,95,2,
91,2020-11-02,01.28.04,2,4,94,8,
92,2020-11-02,03.28.04,2,9,94,9,
93,2020-11-02,05.28.04,2,9,93,9,
94,2020-11-02,07.28.04,2,4,92,2,
95,2020-11-02,09.28.04,1,6,92,8,
96,2020-11-02,11.28.04,1,2,93,2,
97,2020-11-02,13.28.04,1,7,92,8,
98,2020-11-02,15.28.04,1,8,92,4,
99,2020-11-02,17.28.04,1,1,95,1,
100,2020-11-02,19.28.04,-6,3,94,7,
101,2020-11-02,21.28.04,-6,6,94,5,
102,2020-11-02,23.28.04,-6,5,94,5,
103,2020-11-03,01.28.04,-6,9,94,2,
104,2020-11-03,03.28.04,-7,2,94,2,
105,2020-11-03,05.28.04,-7,6,94,1,
106,2020-11-03,07.28.04,-7,5,93,9,
107,2020-11-03,09.28.04,-7,3,94,2,
108,2020-11-03,11.28.04,-5,4,94,6,
109,2020-11-03,13.28.04,-4,8,94,9,
110,2020-11-03,15.28.04,-4,6,94,8,
111,2020-11-03,17.28.04,-5,3,94,6,
112,2020-11-03,19.28.04,-5,5,94,7,
113,2020-11-03,21.28.04,-5,1,94,5,
114,2020-11-03,23.28.04,-4,7,94,7,
115,2020-11-04,01.28.04,-4,3,95,0,
116,2020-11-04,03.28.04,-4,6,94,5,
117,2020-11-04,05.28.04,-5,4,94,4,
118,2020-11-04,07.28.04,-5,0,94,8,
119,2020-11-04,09.28.04,-4,9,94,5,
120,2020-11-04,11.28.04,-4,3,95,0,
121,2020-11-04,13.28.04,-4,9,94,6,
122,2020-11-04,15.28.04,-5,7,94,4,
123,2020-11-04,17.28.04,-5,5,94,5,
124,2020-11-04,19.28.04,-5,4,94,3,
125,2020-11-04,21.28.04,-5,4,94,6,
126,2020-11-04,23.28.04,-5,4,94,6,
127,2020-11-05,01.28.04,-5,6,94,7,
128,2020-11-05,03.28.04,-6,0,94,7,
129,2020-11-05,05.28.04,-7,7,94,5,
130,2020-11-05,07.28.04,-8,5,94,3,
131,2020-11-05,09.28.04,-7,1,94,6,
132,2020-11-05,11.28.04,-5,5,95,2,
133,2020-11-05,13.28.04,-5,4,94,8,
134,2020-11-05,15.28.04,-5,6,95,0,
135,2020-11-05,17.28.04,-5,3,95,0,
136,2020-11-05,19.28.04,-5,0,95,3,
137,2020-11-05,21.28.04,-5,0,95,2,
138,2020-11-05,23.28.04,-4,9,95,1,
139,2020-11-06,01.28.04,-4,9,95,2,
140,2020-11-06,03.28.04,-4,8,95,1,
141,2020-11-06,05.28.04,-4,4,95,3,
142,2020-11-06,07.28.04,-4,2,95,4,
143,2020-11-06,09.28.04,-3,6,95,6,
144,2020-11-06,11.28.04,-3,1,95,7,
145,2020-11-06,13.28.04,-3,0,95,8,
146,2020-11-06,15.28.04,-2,9,95,9,
147,2020-11-06,17.28.04,-2,5,96,1,
148,2020-11-06,19.28.04,-1,7,96,7,
149,2020-11-06,21.28.04,-1,4,96,8,
150,2020-11-06,23.28.04,-1,6,96,7,
151,2020-11-07,01.28.04,-2,0,96,4,
152,2020-11-07,03.28.04,-2,7,96,0,
153,2020-11-07,05.28.04,-4,3,94,9,
154,2020-11-07,07.28.04,-5,0,94,8,
155,2020-11-07,09.28.04,-5,1,94,9,
156,2020-11-07,11.28.04,-5,3,94,6,
157,2020-11-07,13.28.04,-5,2,95,0,
158,2020-11-07,15.28.04,-4,9,95,0,
159,2020-11-07,17.28.04,-4,6,95,0,
160,2020-11-07,19.28.04,-4,4,95,1,
161,2020-11-07,21.28.04,-4,2,95,2,
162,2020-11-07,23.28.04,-4,1,95,3,
163,2020-11-08,01.28.04,-4,5,95,3,
164,2020-11-08,03.28.04,-4,6,95,2,
165,2020-11-08,05.28.04,-4,6,95,0,
166,2020-11-08,07.28.04,-4,5,95,1,
167,2020-11-08,09.28.04,-4,3,95,1,
168,2020-11-08,11.28.04,-4,4,95,0,
169,2020-11-08,13.28.04,-5,7,94,6,
170,2020-11-08,15.28.04,-5,9,94,8,
171,2020-11-08,17.28.04,-5,8,94,6,
172,2020-11-08,19.28.04,-5,2,95,1,
173,2020-11-08,21.28.04,-5,5,94,8,
174,2020-11-08,23.28.04,-5,2,94,8,
175,2020-11-09,01.28.04,-5,0,95,0,
176,2020-11-09,03.28.04,-5,1,95,0,
177,2020-11-09,05.28.04,-5,2,94,9,
178,2020-11-09,07.28.04,-4,8,95,0,
179,2020-11-09,09.28.04,-4,5,95,4,
180,2020-11-09,11.28.04,-4,0,95,4,
181,2020-11-09,13.28.04,-3,8,95,6,
182,2020-11-09,15.28.04,-3,8,95,5,
183,2020-11-09,17.28.04,-3,2,95,9,
184,2020-11-09,19.28.04,-2,7,96,1,
185,2020-11-09,21.28.04,-2,3,96,3,
186,2020-11-09,23.28.04,-1,8,96,7,
187,2020-11-10,01.28.04,-1,0,97,2,
188,2020-11-10,03.28.04,-0,6,97,5,
189,2020-11-10,05.28.04,-0,4,97,8,
190,2020-11-10,07.28.04,-0,3,97,9,
191,2020-11-10,09.28.04,-0,3,97,9,
192,2020-11-10,11.28.04,-0,4,97,8,
193,2020-11-10,13.28.04,-0,5,97,6,
194,2020-11-10,15.28.04,-0,6,97,6,
195,2020-11-10,17.28.04,-0,6,97,6,
196,2020-11-10,19.28.04,-0,6,97,7,
197,2020-11-10,21.28.04,-0,4,97,8,
198,2020-11-10,23.28.04,-0,2,98,0,
199,2020-11-11,01.28.04,-0,4,97,8,
200,2020-11-11,03.28.04,-1,8,96,4,
201,2020-11-11,05.28.04,-2,9,95,8,
202,2020-11-11,07.28.04,-3,4,95,8,
203,2020-11-11,09.28.04,-3,8,95,0,
204,2020-11-11,11.28.04,-4,4,94,8,
205,2020-11-11,13.28.04,-5,4,94,5,
206,2020-11-11,15.28.04,-5,9,94,6,
207,2020-11-11,17.28.04,-6,6,94,6,
208,2020-11-11,19.28.04,-7,2,94,3,
209,2020-11-11,21.28.04,-7,6,94,3,
210,2020-11-11,23.28.04,-8,1,94,0,
211,2020-11-12,01.28.04,-8,1,94,3,
212,2020-11-12,03.28.04,-7,2,94,6,
213,2020-11-12,05.28.04,-7,3,94,6,
214,2020-11-12,07.28.04,-6,9,94,7,
215,2020-11-12,09.28.04,-6,7,94,5,
216,2020-11-12,11.28.04,-6,6,94,4,
217,2020-11-12,13.28.04,-6,8,94,4,
218,2020-11-12,15.28.04,-7,2,94,3,
219,2020-11-12,17.28.04,-7,0,94,5,
220,2020-11-12,19.28.04,-6,4,94,6,
221,2020-11-12,21.28.04,-5,6,95,0,
222,2020-11-12,23.28.04,-5,5,94,9,
223,2020-11-13,01.28.04,-5,5,94,9,
224,2020-11-13,03.28.04,-5,2,95,0,
225,2020-11-13,05.28.04,-4,9,95,1,
226,2020-11-13,07.28.04,-4,4,95,3,
227,2020-11-13,09.28.04,-3,9,95,5,
228,2020-11-13,11.28.04,-3,3,95,8,
229,2020-11-13,13.28.04,-2,9,96,0,
230,2020-11-13,15.28.04,-2,5,96,2,
231,2020-11-13,17.28.04,-2,1,96,4,
232,2020-11-13,19.28.04,-1,4,96,9,
233,2020-11-13,21.28.04,-0,3,97,6,
234,2020-11-13,23.28.04,-0,2,97,8,
235,2020-11-14,01.28.04,-0,2,98,0,
236,2020-11-14,03.28.04,0,0,98,1,
237,2020-11-14,05.28.04,0,0,98,2,
238,2020-11-14,07.28.04,0,1,98,3,
239,2020-11-14,09.28.04,0,3,98,3,
240,2020-11-14,11.28.04,0,4,98,4,
241,2020-11-14,13.28.04,0,6,98,4,
242,2020-11-14,15.28.04,0,8,98,2,
243,2020-11-14,17.28.04,1,1,98,0,
244,2020-11-14,19.28.04,1,4,97,9,
245,2020-11-14,21.28.04,1,7,98,1,
246,2020-11-14,23.28.04,2,0,98,4,
247,2020-11-15,01.28.04,1,9,98,5,
248,2020-11-15,03.28.04,2,0,98,6,
249,2020-11-15,05.28.04,1,9,98,6,
250,2020-11-15,07.28.04,1,7,98,7,
251,2020-11-15,09.28.04,1,5,98,7,
252,2020-11-15,11.28.04,1,5,98,8,
253,2020-11-15,13.28.04,1,2,98,8,
254,2020-11-15,15.28.04,0,7,98,9,
255,2020-11-15,17.28.04,0,1,98,9,
256,2020-11-15,19.28.04,0,1,99,0,
257,2020-11-15,21.28.04,0,1,99,0,
258,2020-11-15,23.28.04,0,1,99,0,
259,2020-11-16,01.28.04,0,1,99,0,
260,2020-11-16,03.28.04,0,3,98,9,
261,2020-11-16,05.28.04,0,9,98,8,
262,2020-11-16,07.28.04,1,5,98,9,
263,2020-11-16,09.28.04,1,7,98,9,
264,2020-11-16,11.28.04,1,8,98,9,
265,2020-11-16,13.28.04,1,5,98,9,
266,2020-11-16,15.28.04,1,1,99,0,
267,2020-11-16,17.28.04,1,1,99,0,
268,2020-11-16,19.28.04,1,2,99,0,
269,2020-11-16,21.28.04,1,3,99,0,
270,2020-11-16,23.28.04,1,1,99,0,
271,2020-11-17,01.28.04,0,8,99,0,
272,2020-11-17,03.28.04,0,4,99,0,
273,2020-11-17,05.28.04,0,1,99,0,
274,2020-11-17,07.28.04,0,2,99,0,
275,2020-11-17,09.28.04,0,0,99,1,
276,2020-11-17,11.28.04,-0,3,99,1,
277,2020-11-17,13.28.04,-0,9,99,1,
278,2020-11-17,15.28.04,-1,4,98,7,
279,2020-11-17,17.28.04,-1,8,97,1,
280,2020-11-17,19.28.04,-2,1,96,7,
281,2020-11-17,21.28.04,-2,1,96,6,
282,2020-11-17,23.28.04,-2,4,96,4,
283,2020-11-18,01.28.04,-2,4,96,3,
284,2020-11-18,03.28.04,-2,4,96,3,
285,2020-11-18,05.28.04,-2,3,96,4,
286,2020-11-18,07.28.04,-2,2,96,4,
287,2020-11-18,09.28.04,-1,8,96,6,
288,2020-11-18,11.28.04,-1,6,96,7,
289,2020-11-18,13.28.04,-1,4,96,9,
290,2020-11-18,15.28.04,-1,2,97,0,
291,2020-11-18,17.28.04,-0,9,97,2,
292,2020-11-18,19.28.04,-0,7,97,4,
293,2020-11-18,21.28.04,-0,8,97,4,
294,2020-11-18,23.28.04,-1,0,97,2,
295,2020-11-19,01.28.04,-1,5,96,8,
296,2020-11-19,03.28.04,-1,9,96,5,
297,2020-11-19,05.28.04,-2,1,96,4,
298,2020-11-19,07.28.04,-2,2,96,3,
299,2020-11-19,09.28.04,-2,3,96,3,
300,2020-11-19,11.28.04,-3,0,95,8,
301,2020-11-19,13.28.04,-3,7,95,5,
302,2020-11-19,15.28.04,-4,2,95,4,
303,2020-11-19,17.28.04,-4,8,95,0,
304,2020-11-19,19.28.04,-5,1,94,8,
305,2020-11-19,21.28.04,-5,4,94,8,
306,2020-11-19,23.28.04,-5,7,94,6,
307,2020-11-20,01.28.04,-6,3,94,5,
308,2020-11-20,03.28.04,-6,6,94,5,
309,2020-11-20,05.28.04,-6,9,94,3,
310,2020-11-20,07.28.04,-6,9,94,4,
311,2020-11-20,09.28.04,-7,1,94,4,
312,2020-11-20,11.28.04,-7,1,94,3,
313,2020-11-20,13.28.04,-7,5,94,0,
314,2020-11-20,15.28.04,-7,3,94,2,
315,2020-11-20,17.28.04,-7,4,94,2,
316,2020-11-20,19.28.04,-7,4,94,2,
317,2020-11-20,21.28.04,-7,1,94,3,
318,2020-11-20,23.28.04,-6,8,94,3,
319,2020-11-21,01.28.04,-6,6,94,4,
320,2020-11-21,03.28.04,-6,3,94,5,
321,2020-11-21,05.28.04,-5,9,94,6,
322,2020-11-21,07.28.04,-5,6,94,8,
323,2020-11-21,09.28.04,-5,3,94,8,
324,2020-11-21,11.28.04,-4,7,95,1,
325,2020-11-21,13.28.04,-4,2,95,3,
326,2020-11-21,15.28.04,-4,2,95,1,
327,2020-11-21,17.28.04,-4,5,95,0,
328,2020-11-21,19.28.04,-4,4,95,1,
329,2020-11-21,21.28.04,-4,2,95,3,
330,2020-11-21,23.28.04,-3,8,95,3,
331,2020-11-22,01.28.04,-3,6,95,2,
332,2020-11-22,03.28.04,-4,0,95,2,
333,2020-11-22,05.28.04,-3,7,95,2,
334,2020-11-22,07.28.04,-3,6,95,0,
335,2020-11-22,09.28.04,-3,8,94,9,
336,2020-11-22,11.28.04,-3,8,95,1,
337,2020-11-22,13.28.04,-3,5,95,2,
338,2020-11-22,15.28.04,-3,8,95,3,
339,2020-11-22,17.28.04,-3,8,95,3,
340,2020-11-22,19.28.04,-3,0,95,6,
341,2020-11-22,21.28.04,-2,6,95,6,
342,2020-11-22,23.28.04,-3,3,95,6,
343,2020-11-23,01.28.04,-3,8,95,4,
344,2020-11-23,03.28.04,-3,8,95,5,
345,2020-11-23,05.28.04,-3,4,95,3,
346,2020-11-23,07.28.04,-3,3,95,2,
347,2020-11-23,09.28.04,-3,6,95,1,
348,2020-11-23,11.28.04,-3,7,95,2,
349,2020-11-23,13.28.04,-3,8,95,4,
350,2020-11-23,15.28.04,-3,8,95,2,
351,2020-11-23,17.28.04,-4,1,94,8,
352,2020-11-23,19.28.04,-4,5,95,0,
353,2020-11-23,21.28.04,-4,7,94,5,
354,2020-11-23,23.28.04,-4,9,95,0,
355,2020-11-24,01.28.04,-5,4,94,8,
356,2020-11-24,03.28.04,-5,6,94,8,
357,2020-11-24,05.28.04,-5,6,94,5,
358,2020-11-24,07.28.04,-5,1,94,8,
359,2020-11-24,09.28.04,-4,6,94,8,
360,2020-11-24,11.28.04,-3,7,95,4,
361,2020-11-24,13.28.04,-2,6,96,1,
362,2020-11-24,15.28.04,-0,7,97,3,
363,2020-11-24,17.28.04,0,0,98,0,
364,2020-11-24,19.28.04,0,2,98,1,
365,2020-11-24,21.28.04,0,3,98,0,
366,2020-11-24,23.28.04,0,4,98,1,
367,2020-11-25,01.28.04,0,3,98,2,
368,2020-11-25,03.28.04,0,2,98,1,
369,2020-11-25,05.28.04,0,1,97,9,
370,2020-11-25,07.28.04,0,1,98,0,
371,2020-11-25,09.28.04,0,0,98,3,
372,2020-11-25,11.28.04,-0,2,98,2,
373,2020-11-25,13.28.04,-0,3,97,9,
374,2020-11-25,15.28.04,-0,6,97,8,
375,2020-11-25,17.28.04,-0,9,97,4,
376,2020-11-25,19.28.04,-1,3,96,9,
377,2020-11-25,21.28.04,-1,6,96,6,
378,2020-11-25,23.28.04,-2,1,96,4,
379,2020-11-26,01.28.04,-2,4,96,1,
380,2020-11-26,03.28.04,-2,4,96,0,
381,2020-11-26,05.28.04,-2,3,96,3,
382,2020-11-26,07.28.04,-1,9,96,6,
383,2020-11-26,09.28.04,-1,6,96,8,
384,2020-11-26,11.28.04,-1,1,97,1,
385,2020-11-26,13.28.04,-0,8,97,5,
386,2020-11-26,15.28.04,-0,7,97,6,
387,2020-11-26,17.28.04,-0,7,97,7,
388,2020-11-26,19.28.04,-0,7,97,6,
389,2020-11-26,21.28.04,-0,7,97,6,
390,2020-11-26,23.28.04,-0,8,97,5,
391,2020-11-27,01.28.04,-0,9,97,4,
392,2020-11-27,03.28.04,-1,1,97,3,
393,2020-11-27,05.28.04,-1,2,97,1,
394,2020-11-27,07.28.04,-1,5,96,9,
395,2020-11-27,09.28.04,-2,3,96,2,
396,2020-11-27,11.28.04,-2,3,96,2,
397,2020-11-27,13.28.04,-2,3,96,3,
398,2020-11-27,15.28.04,-2,3,96,4,
399,2020-11-27,17.28.04,-2,4,96,4,
400,2020-11-27,19.28.04,-2,6,96,2,
401,2020-11-27,21.28.04,-2,7,96,2,
402,2020-11-27,23.28.04,-2,6,96,3,
403,2020-11-28,01.28.04,-2,6,96,2,
404,2020-11-28,03.28.04,-2,6,96,3,
405,2020-11-28,05.28.04,-2,6,96,3,
406,2020-11-28,07.28.04,-2,7,96,2,
407,2020-11-28,09.28.04,-2,8,96,0,
408,2020-11-28,11.28.04,-2,9,95,7,
409,2020-11-28,13.28.04,-3,1,95,8,
410,2020-11-28,15.28.04,-3,4,95,8,
411,2020-11-28,17.28.04,-3,5,95,8,
412,2020-11-28,19.28.04,-3,5,95,8,
413,2020-11-28,21.28.04,-3,4,95,7,
414,2020-11-28,23.28.04,-3,6,95,7,
415,2020-11-29,01.28.04,-3,6,95,7,
416,2020-11-29,03.28.04,-3,8,95,5,
417,2020-11-29,05.28.04,-4,6,95,3,
418,2020-11-29,07.28.04,-5,0,95,0,
419,2020-11-29,09.28.04,-5,0,94,6,
420,2020-11-29,11.28.04,-5,9,94,3,
421,2020-11-29,13.28.04,-7,5,93,9,
422,2020-11-29,15.28.04,-10,3,93,3,
423,2020-11-29,17.28.04,-11,6,93,4,
424,2020-11-29,19.28.04,-13,0,92,2,
425,2020-11-29,21.28.04,-13,2,92,5,
426,2020-11-29,23.28.04,-12,8,93,1,
427,2020-11-30,01.28.04,-12,2,93,0,
428,2020-11-30,03.28.04,-11,5,93,3,
429,2020-11-30,05.28.04,-10,7,93,3,
430,2020-11-30,07.28.04,-10,7,93,4,
431,2020-11-30,09.28.04,-9,9,93,5,
432,2020-11-30,11.28.04,-9,5,93,4,
433,2020-11-30,13.28.04,-9,1,93,5,
434,2020-11-30,15.28.04,-9,1,93,8,
435,2020-11-30,17.28.04,-9,0,93,5,
436,2020-11-30,19.28.04,-9,2,93,5,
437,2020-11-30,21.28.04,-9,1,93,8,
438,2020-11-30,23.28.04,-9,6,93,1,
439,2020-12-01,01.28.04,-9,0,93,5,
440,2020-12-01,03.28.04,-9,2,93,5,
441,2020-12-01,05.28.04,-8,4,93,6,
442,2020-12-01,07.28.04,-8,4,93,5,
443,2020-12-01,09.28.04,-8,0,93,5,
444,2020-12-01,11.28.04,-8,0,93,7,
445,2020-12-01,13.28.04,-8,0,93,8,
446,2020-12-01,15.28.04,-8,2,93,7,
447,2020-12-01,17.28.04,-8,1,93,8,
448,2020-12-01,19.28.04,-7,3,94,2,
449,2020-12-01,21.28.04,-7,5,94,1,
450,2020-12-01,23.28.04,-7,6,94,1,
451,2020-12-02,01.28.04,-7,5,94,0,
452,2020-12-02,03.28.04,-7,4,93,9,
453,2020-12-02,05.28.04,-7,6,93,9,
454,2020-12-02,07.28.04,-7,9,93,9,
455,2020-12-02,09.28.04,-7,7,93,7,
456,2020-12-02,11.28.04,-7,6,93,6,
457,2020-12-02,13.28.04,-7,6,93,8,
458,2020-12-02,15.28.04,-7,9,93,9,
459,2020-12-02,17.28.04,-8,1,93,8,
460,2020-12-02,19.28.04,-7,8,93,7,
461,2020-12-02,21.28.04,-7,6,93,9,
462,2020-12-02,23.28.04,-7,9,93,6,
463,2020-12-03,01.28.04,-8,1,93,5,
464,2020-12-03,03.28.04,-8,0,93,7,
465,2020-12-03,05.28.04,-8,0,93,7,
466,2020-12-03,07.28.04,-8,0,93,6,
467,2020-12-03,09.28.04,-7,9,93,6,
468,2020-12-03,11.28.04,-8,5,93,2,
469,2020-12-03,13.28.04,-9,3,93,2,
470,2020-12-03,15.28.04,-10,5,93,1,
471,2020-12-03,17.28.04,-11,1,93,1,
472,2020-12-03,19.28.04,-11,5,93,4,
473,2020-12-03,21.28.04,-12,5,93,0,
474,2020-12-03,23.28.04,-11,7,93,0,
475,2020-12-04,01.28.04,-12,9,92,6,
476,2020-12-04,03.28.04,-14,2,92,7,
477,2020-12-04,05.28.04,-14,5,91,0,
478,2020-12-04,07.28.04,-15,7,91,6,
479,2020-12-04,09.28.04,-17,0,90,1,
480,2020-12-04,11.28.04,-16,9,90,7,
481,2020-12-04,13.28.04,-17,3,90,0,
482,2020-12-04,15.28.04,-18,0,90,4,
483,2020-12-04,17.28.04,-18,7,90,4,
484,2020-12-04,19.28.04,-18,8,90,0,
485,2020-12-04,21.28.04,-19,6,89,3,
486,2020-12-04,23.28.04,-20,3,89,2,
487,2020-12-05,01.28.04,-20,9,88,1,
488,2020-12-05,03.28.04,-21,3,88,1,
489,2020-12-05,05.28.04,-20,5,89,3,
490,2020-12-05,07.28.04,-18,4,91,1,
491,2020-12-05,09.28.04,-16,5,91,7,
492,2020-12-05,11.28.04,-15,7,91,6,
493,2020-12-05,13.28.04,-15,5,92,0,
494,2020-12-05,15.28.04,-15,0,92,4,
495,2020-12-05,17.28.04,-14,2,92,5,
496,2020-12-05,19.28.04,-13,0,92,8,
497,2020-12-05,21.28.04,-13,0,92,8,
498,2020-12-05,23.28.04,-12,3,92,9,
499,2020-12-06,01.28.04,-12,3,92,9,
500,2020-12-06,03.28.04,-12,7,92,7,
501,2020-12-06,05.28.04,-12,2,93,1,
502,2020-12-06,07.28.04,-12,0,92,8,
503,2020-12-06,09.28.04,-11,2,93,0,
504,2020-12-06,11.28.04,-11,0,92,9,
505,2020-12-06,13.28.04,-11,2,92,7,
506,2020-12-06,15.28.04,-11,4,92,9,
507,2020-12-06,17.28.04,-11,3,92,9,
508,2020-12-06,19.28.04,-11,7,92,8,
509,2020-12-06,21.28.04,-11,4,93,1,
510,2020-12-06,23.28.04,-11,4,93,1,
511,2020-12-07,01.28.04,-11,1,93,1,
512,2020-12-07,03.28.04,-10,7,93,0,
513,2020-12-07,05.28.04,-11,1,92,9,
514,2020-12-07,07.28.04,-12,1,92,6,
515,2020-12-07,09.28.04,-14,1,92,2,
516,2020-12-07,11.28.04,-15,2,92,0,
517,2020-12-07,13.28.04,-16,1,91,6,
518,2020-12-07,15.28.04,-17,1,91,2,
519,2020-12-07,17.28.04,-17,0,91,4,
520,2020-12-07,19.28.04,-17,4,91,1,
521,2020-12-07,21.28.04,-17,9,91,0,
522,2020-12-07,23.28.04,-18,3,90,3,
523,2020-12-08,01.28.04,-18,7,89,7,
524,2020-12-08,03.28.04,-18,9,89,7,
525,2020-12-08,05.28.04,-19,1,88,8,
526,2020-12-08,07.28.04,-20,5,89,1,
527,2020-12-08,09.28.04,-20,6,88,9,
528,2020-12-08,11.28.04,-20,1,89,4,
529,2020-12-08,13.28.04,-20,4,89,3,
530,2020-12-08,15.28.04,-20,8,89,2,
531,2020-12-08,17.28.04,-21,1,89,1,
532,2020-12-08,19.28.04,-21,5,88,5,
533,2020-12-08,21.28.04,-22,1,88,2,
534,2020-12-08,23.28.04,-23,4,87,8,
535,2020-12-09,01.28.04,-24,3,87,1,
536,2020-12-09,03.28.04,-24,7,86,6,
537,2020-12-09,05.28.04,-24,9,86,7,
538,2020-12-09,07.28.04,-25,8,85,8,
539,2020-12-09,09.28.04,-26,2,85,6,
540,2020-12-09,11.28.04,-25,9,85,2,
541,2020-12-09,13.28.04,-25,7,85,9,
542,2020-12-09,15.28.04,-26,0,85,9,
543,2020-12-09,17.28.04,-26,8,85,3,
544,2020-12-09,19.28.04,-26,8,84,7,
545,2020-12-09,21.28.04,-27,3,85,1,
546,2020-12-09,23.28.04,-26,9,85,9,
547,2020-12-10,01.28.04,-26,5,86,3,
548,2020-12-10,03.28.04,-26,5,85,4,
549,2020-12-10,05.28.04,-26,6,86,1,
550,2020-12-10,07.28.04,-25,8,86,7,
551,2020-12-10,09.28.04,-22,7,87,8,
552,2020-12-10,11.28.04,-20,6,89,2,
553,2020-12-10,13.28.04,-18,8,90,5,
554,2020-12-10,15.28.04,-17,7,91,0,
555,2020-12-10,17.28.04,-17,7,90,9,
556,2020-12-10,19.28.04,-17,8,90,9,
557,2020-12-10,21.28.04,-18,2,90,8,
558,2020-12-10,23.28.04,-18,5,90,7,
559,2020-12-11,01.28.04,-19,1,90,2,
560,2020-12-11,03.28.04,-20,1,89,6,
561,2020-12-11,05.28.04,-20,5,87,9,
562,2020-12-11,07.28.04,-20,7,89,2,
563,2020-12-11,09.28.04,-20,4,90,3,
564,2020-12-11,11.28.04,-19,7,88,5,
565,2020-12-11,13.28.04,-18,7,89,6,
566,2020-12-11,15.28.04,-18,0,90,9,
567,2020-12-11,17.28.04,-16,2,91,6,
568,2020-12-11,19.28.04,-15,5,91,8,
569,2020-12-11,21.28.04,-14,3,92,1,
570,2020-12-11,23.28.04,-12,7,92,7,
571,2020-12-12,01.28.04,-10,2,93,1,
572,2020-12-12,03.28.04,-9,7,93,0,
573,2020-12-12,05.28.04,-8,5,93,5,
574,2020-12-12,07.28.04,-7,0,93,9,
575,2020-12-12,09.28.04,-6,2,94,1,
576,2020-12-12,11.28.04,-5,1,94,6,
577,2020-12-12,13.28.04,-4,5,94,8,
578,2020-12-12,15.28.04,-4,3,94,9,
579,2020-12-12,17.28.04,-3,9,95,1,
580,2020-12-12,19.28.04,-3,8,95,2,
581,2020-12-12,21.28.04,-3,9,95,1,
582,2020-12-12,23.28.04,-4,4,94,9,
583,2020-12-13,01.28.04,-4,9,94,7,
584,2020-12-13,03.28.04,-4,9,94,7,
585,2020-12-13,05.28.04,-5,0,94,7,
586,2020-12-13,07.28.04,-4,8,94,7,
587,2020-12-13,09.28.04,-4,7,94,8,
588,2020-12-13,11.28.04,-4,6,94,8,
589,2020-12-13,13.28.04,-4,7,94,8,
590,2020-12-13,15.28.04,-5,9,94,3,
591,2020-12-13,17.28.04,-6,9,93,9,
592,2020-12-13,19.28.04,-7,2,93,8,
593,2020-12-13,21.28.04,-7,1,93,9,
594,2020-12-13,23.28.04,-6,6,94,0,
595,2020-12-14,01.28.04,-6,1,94,3,
596,2020-12-14,03.28.04,-5,6,94,4,
597,2020-12-14,05.28.04,-5,2,94,6,
598,2020-12-14,07.28.04,-4,8,94,8,
599,2020-12-14,09.28.04,-4,3,95,0,
600,2020-12-14,11.28.04,-3,8,95,2,
601,2020-12-14,13.28.04,-3,6,95,3,
602,2020-12-14,15.28.04,-3,9,95,2,
603,2020-12-14,17.28.04,-3,9,95,2,
604,2020-12-14,19.28.04,-4,0,95,2,
605,2020-12-14,21.28.04,-4,1,95,1,
606,2020-12-14,23.28.04,-4,6,94,9,
607,2020-12-15,01.28.04,-4,9,94,7,
608,2020-12-15,03.28.04,-5,3,94,6,
609,2020-12-15,05.28.04,-5,8,94,3,
610,2020-12-15,07.28.04,-6,5,94,1,
611,2020-12-15,09.28.04,-7,0,93,8,
612,2020-12-15,11.28.04,-7,5,93,5,
613,2020-12-15,13.28.04,-7,6,93,5,
614,2020-12-15,15.28.04,-8,3,93,3,
615,2020-12-15,17.28.04,-8,5,93,2,
616,2020-12-15,19.28.04,-8,7,93,2,
617,2020-12-15,21.28.04,-8,9,93,2,
618,2020-12-15,23.28.04,-9,2,93,1,
619,2020-12-16,01.28.04,-9,6,92,9,
620,2020-12-16,03.28.04,-10,0,92,8,
621,2020-12-16,05.28.04,-10,2,92,9,
622,2020-12-16,07.28.04,-10,5,92,8,
623,2020-12-16,09.28.04,-10,6,92,7,
624,2020-12-16,11.28.04,-11,2,92,2,
625,2020-12-16,13.28.04,-11,4,92,5,
626,2020-12-16,15.28.04,-12,2,92,0,
627,2020-12-16,17.28.04,-12,6,92,2,
628,2020-12-16,19.28.04,-12,8,92,2,
629,2020-12-16,21.28.04,-12,6,92,2,
630,2020-12-16,23.28.04,-12,3,92,2,
631,2020-12-17,01.28.04,-12,1,92,3,
632,2020-12-17,03.28.04,-12,0,92,1,
633,2020-12-17,05.28.04,-11,9,92,1,
634,2020-12-17,07.28.04,-11,6,92,5,
635,2020-12-17,09.28.04,-11,3,92,6,
636,2020-12-17,11.28.04,-10,9,92,3,
637,2020-12-17,13.28.04,-11,1,92,4,
638,2020-12-17,15.28.04,-11,3,92,4,
639,2020-12-17,17.28.04,-11,6,92,5,
640,2020-12-17,19.28.04,-11,9,92,5,
641,2020-12-17,21.28.04,-12,0,92,1,
642,2020-12-17,23.28.04,-11,8,92,5,
643,2020-12-18,01.28.04,-11,0,92,7,
644,2020-12-18,03.28.04,-10,3,92,8,
645,2020-12-18,05.28.04,-9,7,92,9,
646,2020-12-18,07.28.04,-8,9,93,2,
647,2020-12-18,09.28.04,-7,6,93,7,
648,2020-12-18,11.28.04,-5,2,94,7,
649,2020-12-18,13.28.04,-2,0,96,1,
650,2020-12-18,15.28.04,-0,8,97,0,
651,2020-12-18,17.28.04,-0,4,97,4,
652,2020-12-18,19.28.04,-0,2,97,7,
653,2020-12-18,21.28.04,-0,1,97,9,
654,2020-12-18,23.28.04,-0,3,97,9,
655,2020-12-19,01.28.04,-0,4,97,5,
656,2020-12-19,03.28.04,-0,3,97,7,
657,2020-12-19,05.28.04,-0,2,97,9,
658,2020-12-19,07.28.04,-0,2,97,9,
659,2020-12-19,09.28.04,-0,1,98,0,
660,2020-12-19,11.28.04,-0,1,98,1,
661,2020-12-19,13.28.04,-0,2,98,0,
662,2020-12-19,15.28.04,-0,2,97,9,
663,2020-12-19,17.28.04,-0,1,98,0,
664,2020-12-19,19.28.04,0,0,98,1,
665,2020-12-19,21.28.04,0,1,98,2,
666,2020-12-19,23.28.04,0,1,98,2,
667,2020-12-20,01.28.04,0,1,98,3,
668,2020-12-20,03.28.04,0,0,98,3,
669,2020-12-20,05.28.04,-0,1,98,3,
670,2020-12-20,07.28.04,-0,1,98,3,
671,2020-12-20,09.28.04,0,0,98,3,
672,2020-12-20,11.28.04,0,1,98,2,
673,2020-12-20,13.28.04,0,1,97,8,
674,2020-12-20,15.28.04,-0,1,97,9,
675,2020-12-20,17.28.04,-0,1,98,1,
676,2020-12-20,19.28.04,0,0,98,2,
677,2020-12-20,21.28.04,0,1,98,2,
678,2020-12-20,23.28.04,0,1,98,3,
679,2020-12-21,01.28.04,0,1,98,4,
680,2020-12-21,03.28.04,0,0,98,4,
681,2020-12-21,05.28.04,-0,1,98,4,
682,2020-12-21,07.28.04,-0,2,98,4,
683,2020-12-21,09.28.04,-0,3,98,3,
684,2020-12-21,11.28.04,-0,2,97,9,
685,2020-12-21,13.28.04,-0,3,97,6,
686,2020-12-21,15.28.04,-0,3,97,8,
687,2020-12-21,17.28.04,-0,2,98,1,
688,2020-12-21,19.28.04,-0,1,98,1,
689,2020-12-21,21.28.04,-0,2,98,2,
690,2020-12-21,23.28.04,-0,2,98,2,
691,2020-12-22,01.28.04,-0,2,98,1,
692,2020-12-22,03.28.04,-0,2,98,1,
693,2020-12-22,05.28.04,-0,2,98,1,
694,2020-12-22,07.28.04,-0,2,98,2,
695,2020-12-22,09.28.04,-0,2,98,2,
696,2020-12-22,11.28.04,0,2,97,3,
697,2020-12-22,13.28.04,0,1,97,6,
698,2020-12-22,15.28.04,-0,5,97,8,
699,2020-12-22,17.28.04,-1,6,96,7,
700,2020-12-22,19.28.04,-2,8,96,0,
701,2020-12-22,21.28.04,-3,8,95,4,
702,2020-12-22,23.28.04,-4,5,95,0,
703,2020-12-23,01.28.04,-4,7,95,0,
704,2020-12-23,03.28.04,-4,8,94,8,
705,2020-12-23,05.28.04,-4,7,94,9,
706,2020-12-23,07.28.04,-4,5,95,0,
707,2020-12-23,09.28.04,-3,6,95,3,
708,2020-12-23,11.28.04,-2,1,95,9,
709,2020-12-23,13.28.04,-1,3,96,5,
710,2020-12-23,15.28.04,-1,0,97,0,
711,2020-12-23,17.28.04,-0,9,97,2,
712,2020-12-23,19.28.04,-0,8,97,2,
713,2020-12-23,21.28.04,-1,0,97,1,
714,2020-12-23,23.28.04,-1,0,97,1,
715,2020-12-24,01.28.04,-1,1,97,0,
716,2020-12-24,03.28.04,-1,4,96,7,
717,2020-12-24,05.28.04,-1,8,96,4,
718,2020-12-24,07.28.04,-2,4,95,7,
719,2020-12-24,09.28.04,-2,9,95,0,
720,2020-12-24,11.28.04,-3,2,94,9,
721,2020-12-24,13.28.04,-3,4,94,9,
722,2020-12-24,15.28.04,-4,1,95,0,
723,2020-12-24,17.28.04,-4,5,94,9,
724,2020-12-24,19.28.04,-4,9,94,7,
725,2020-12-24,21.28.04,-5,2,94,4,
726,2020-12-24,23.28.04,-5,7,94,2,
727,2020-12-25,01.28.04,-6,4,93,7,
728,2020-12-25,03.28.04,-6,7,93,9,
729,2020-12-25,05.28.04,-7,5,93,4,
730,2020-12-25,07.28.04,-7,7,93,5,
731,2020-12-25,09.28.04,-7,3,93,5,
732,2020-12-25,11.28.04,-6,1,93,4,
733,2020-12-25,13.28.04,-5,2,94,2,
734,2020-12-25,15.28.04,-4,7,94,8,
735,2020-12-25,17.28.04,-4,3,95,0,
736,2020-12-25,19.28.04,-4,2,95,0,
737,2020-12-25,21.28.04,-4,2,95,0,
738,2020-12-25,23.28.04,-4,4,95,1,
739,2020-12-26,01.28.04,-4,7,94,7,
740,2020-12-26,03.28.04,-4,8,94,7,
741,2020-12-26,05.28.04,-4,8,94,7,
742,2020-12-26,07.28.04,-4,8,94,7,
743,2020-12-26,09.28.04,-4,3,94,0,
744,2020-12-26,11.28.04,-3,7,93,7,
745,2020-12-26,13.28.04,-4,0,94,1,
746,2020-12-26,15.28.04,-4,5,94,8,
747,2020-12-26,17.28.04,-4,7,94,6,
748,2020-12-26,19.28.04,-5,0,94,5,
749,2020-12-26,21.28.04,-5,4,94,3,
750,2020-12-26,23.28.04,-6,3,93,8,
751,2020-12-27,01.28.04,-7,4,93,2,
752,2020-12-27,03.28.04,-8,8,92,8,
753,2020-12-27,05.28.04,-9,5,92,7,
754,2020-12-27,07.28.04,-9,8,92,6,
755,2020-12-27,09.28.04,-9,4,92,1,
756,2020-12-27,11.28.04,-8,7,91,6,
757,2020-12-27,13.28.04,-8,8,92,2,
758,2020-12-27,15.28.04,-9,2,92,7,
759,2020-12-27,17.28.04,-9,6,92,5,
760,2020-12-27,19.28.04,-10,5,92,3,
761,2020-12-27,21.28.04,-11,9,91,7,
762,2020-12-27,23.28.04,-11,8,92,5,
763,2020-12-28,01.28.04,-12,9,91,7,
764,2020-12-28,03.28.04,-15,2,91,3,
765,2020-12-28,05.28.04,-16,0,91,4,
766,2020-12-28,07.28.04,-16,5,90,7,
767,2020-12-28,09.28.04,-16,4,90,4,
768,2020-12-28,11.28.04,-15,9,90,2,
769,2020-12-28,13.28.04,-15,9,90,4,
770,2020-12-28,15.28.04,-16,5,90,8,
771,2020-12-28,17.28.04,-16,6,91,2,
772,2020-12-28,19.28.04,-16,0,91,9,
773,2020-12-28,21.28.04,-15,5,91,6,
774,2020-12-28,23.28.04,-16,2,91,1,
775,2020-12-29,01.28.04,-16,3,90,9,
776,2020-12-29,03.28.04,-18,0,90,7,
777,2020-12-29,05.28.04,-18,0,90,7,
778,2020-12-29,07.28.04,-17,6,90,9,
779,2020-12-29,09.28.04,-16,6,90,7,
780,2020-12-29,11.28.04,-16,0,90,7,
781,2020-12-29,13.28.04,-15,4,91,0,
782,2020-12-29,15.28.04,-15,8,91,1,
783,2020-12-29,17.28.04,-15,3,91,3,
784,2020-12-29,19.28.04,-15,9,91,0,
785,2020-12-29,21.28.04,-16,2,91,1,
786,2020-12-29,23.28.04,-15,9,91,2,
787,2020-12-30,01.28.04,-14,5,91,5,
788,2020-12-30,03.28.04,-13,6,91,6,
789,2020-12-30,05.28.04,-14,6,91,6,
790,2020-12-30,07.28.04,-14,0,91,5,
791,2020-12-30,09.28.04,-13,1,91,5,
792,2020-12-30,11.28.04,-11,2,91,6,
793,2020-12-30,13.28.04,-11,8,91,3,
794,2020-12-30,15.28.04,-13,8,91,1,
795,2020-12-30,17.28.04,-15,0,91,1,
796,2020-12-30,19.28.04,-15,5,91,0,
797,2020-12-30,21.28.04,-15,7,91,0,
798,2020-12-30,23.28.04,-15,6,91,1,
799,2020-12-31,01.28.04,-16,7,90,7,
800,2020-12-31,03.28.04,-17,2,90,7,
801,2020-12-31,05.28.04,-17,0,90,6,
802,2020-12-31,07.28.04,-17,5,90,3,
803,2020-12-31,09.28.04,-17,1,89,7,
804,2020-12-31,11.28.04,-15,6,90,9,
805,2020-12-31,13.28.04,-14,6,90,7,
806,2020-12-31,15.28.04,-15,3,91,0,
807,2020-12-31,17.28.04,-14,6,91,3,
808,2020-12-31,19.28.04,-13,2,91,3,
809,2020-12-31,21.28.04,-13,2,91,5,
810,2020-12-31,23.28.04,-13,4,91,5,
811,2021-01-01,01.28.04,-14,1,91,5,
812,2021-01-01,03.28.04,-14,3,91,5,
813,2021-01-01,05.28.04,-13,6,91,4,
814,2021-01-01,07.28.04,-13,8,91,4,
815,2021-01-01,09.28.04,-13,3,90,6,
816,2021-01-01,11.28.04,-12,7,90,9,
817,2021-01-01,13.28.04,-11,7,90,8,
818,2021-01-01,15.28.04,-12,6,91,2,
819,2021-01-01,17.28.04,-12,0,91,8,
820,2021-01-01,19.28.04,-11,7,92,0,
821,2021-01-01,21.28.04,-10,9,92,2,
822,2021-01-01,23.28.04,-10,2,92,5,
823,2021-01-02,01.28.04,-9,8,92,4,
824,2021-01-02,03.28.04,-9,7,92,4,
825,2021-01-02,05.28.04,-9,7,92,3,
826,2021-01-02,07.28.04,-9,9,92,3,
827,2021-01-02,09.28.04,-8,9,91,8,
828,2021-01-02,11.28.04,-7,8,91,5,
829,2021-01-02,13.28.04,-7,3,92,1,
830,2021-01-02,15.28.04,-8,3,92,5,
831,2021-01-02,17.28.04,-8,3,92,6,
832,2021-01-02,19.28.04,-8,4,92,6,
833,2021-01-02,21.28.04,-8,6,92,3,
834,2021-01-02,23.28.04,-9,9,92,6,
835,2021-01-03,01.28.04,-10,5,91,8,
836,2021-01-03,03.28.04,-10,6,91,9,
837,2021-01-03,05.28.04,-10,0,92,3,
838,2021-01-03,07.28.04,-9,9,92,1,
839,2021-01-03,09.28.04,-10,3,91,4,
840,2021-01-03,11.28.04,-10,5,91,2,
841,2021-01-03,13.28.04,-11,1,91,4,
842,2021-01-03,15.28.04,-12,2,91,3,
843,2021-01-03,17.28.04,-12,9,91,5,
844,2021-01-03,19.28.04,-13,3,91,2,
845,2021-01-03,21.28.04,-13,3,91,2,
846,2021-01-03,23.28.04,-12,1,92,4,
847,2021-01-04,01.28.04,-11,7,91,9,
848,2021-01-04,03.28.04,-11,9,91,7,
849,2021-01-04,05.28.04,-11,7,92,1,
850,2021-01-04,07.28.04,-11,7,91,9,
851,2021-01-04,09.28.04,-11,6,91,2,
852,2021-01-04,11.28.04,-11,3,90,5,
853,2021-01-04,13.28.04,-11,9,90,9,
854,2021-01-04,15.28.04,-13,0,91,3,
855,2021-01-04,17.28.04,-14,3,91,1,
856,2021-01-04,19.28.04,-15,6,91,2,
857,2021-01-04,21.28.04,-16,1,90,7,
858,2021-01-04,23.28.04,-17,4,90,2,
859,2021-01-05,01.28.04,-17,8,90,5,
860,2021-01-05,03.28.04,-18,4,90,1,
861,2021-01-05,05.28.04,-18,6,89,8,
862,2021-01-05,07.28.04,-18,3,89,6,
863,2021-01-05,09.28.04,-18,6,88,7,
864,2021-01-05,11.28.04,-17,4,88,5,
865,2021-01-05,13.28.04,-17,3,89,3,
866,2021-01-05,15.28.04,-17,6,89,9,
867,2021-01-05,17.28.04,-19,1,89,2,
868,2021-01-05,19.28.04,-19,4,90,2,
869,2021-01-05,21.28.04,-19,7,89,7,
870,2021-01-05,23.28.04,-20,7,88,9,
871,2021-01-06,01.28.04,-21,3,88,7,
872,2021-01-06,03.28.04,-22,1,88,3,
873,2021-01-06,05.28.04,-22,2,88,7,
874,2021-01-06,07.28.04,-22,4,88,1,
875,2021-01-06,09.28.04,-20,5,88,2,
876,2021-01-06,11.28.04,-18,9,88,2,
877,2021-01-06,13.28.04,-17,8,89,5,
878,2021-01-06,15.28.04,-18,0,89,9,
879,2021-01-06,17.28.04,-18,3,90,0,
880,2021-01-06,19.28.04,-16,8,90,4,
881,2021-01-06,21.28.04,-15,8,90,7,
882,2021-01-06,23.28.04,-15,5,90,7,
883,2021-01-07,01.28.04,-14,7,90,9,
884,2021-01-07,03.28.04,-15,0,90,8,
885,2021-01-07,05.28.04,-15,3,90,8,
886,2021-01-07,07.28.04,-15,2,90,7,
887,2021-01-07,09.28.04,-13,8,90,7,
888,2021-01-07,11.28.04,-12,5,90,4,
889,2021-01-07,13.28.04,-12,5,90,6,
890,2021-01-07,15.28.04,-13,2,91,1,
891,2021-01-07,17.28.04,-12,6,91,6,
892,2021-01-07,19.28.04,-11,8,91,7,
893,2021-01-07,21.28.04,-11,3,91,9,
894,2021-01-07,23.28.04,-10,9,91,8,
895,2021-01-08,01.28.04,-10,5,92,4,
896,2021-01-08,03.28.04,-9,9,92,5,
897,2021-01-08,05.28.04,-10,0,92,3,
898,2021-01-08,07.28.04,-10,0,92,3,
899,2021-01-08,09.28.04,-9,3,91,8,
900,2021-01-08,11.28.04,-8,8,91,6,
901,2021-01-08,13.28.04,-8,9,91,9,
902,2021-01-08,15.28.04,-9,1,92,1,
903,2021-01-08,17.28.04,-9,3,92,2,
904,2021-01-08,19.28.04,-10,4,92,0,
905,2021-01-08,21.28.04,-10,4,92,1,
906,2021-01-08,23.28.04,-10,4,92,1,
907,2021-01-09,01.28.04,-10,6,92,1,
908,2021-01-09,03.28.04,-10,8,92,0,
909,2021-01-09,05.28.04,-10,5,92,1,
910,2021-01-09,07.28.04,-10,7,91,8,
911,2021-01-09,09.28.04,-10,3,91,3,
912,2021-01-09,11.28.04,-9,1,90,1,
913,2021-01-09,13.28.04,-9,7,90,9,
914,2021-01-09,15.28.04,-10,7,91,6,
915,2021-01-09,17.28.04,-12,5,90,9,
916,2021-01-09,19.28.04,-14,1,90,4,
917,2021-01-09,21.28.04,-14,4,90,7,
918,2021-01-09,23.28.04,-14,7,90,8,
919,2021-01-10,01.28.04,-15,5,90,7,
920,2021-01-10,03.28.04,-15,7,90,7,
921,2021-01-10,05.28.04,-15,6,90,8,
922,2021-01-10,07.28.04,-15,3,90,5,
923,2021-01-10,09.28.04,-12,6,90,0,
924,2021-01-10,11.28.04,-11,0,90,3,
925,2021-01-10,13.28.04,-9,6,91,1,
926,2021-01-10,15.28.04,-8,8,92,8,
927,2021-01-10,17.28.04,-7,4,93,2,
928,2021-01-10,19.28.04,-6,4,94,0,
929,2021-01-10,21.28.04,-6,0,93,8,
930,2021-01-10,23.28.04,-5,7,94,1,
931,2021-01-11,01.28.04,-7,7,92,2,
932,2021-01-11,03.28.04,-12,3,91,0,
933,2021-01-11,05.28.04,-12,0,91,8,
934,2021-01-11,07.28.04,-11,5,91,3,
935,2021-01-11,09.28.04,-11,2,90,7,
936,2021-01-11,11.28.04,-10,3,90,4,
937,2021-01-11,13.28.04,-10,2,90,6,
938,2021-01-11,15.28.04,-11,7,90,7,
939,2021-01-11,17.28.04,-13,9,90,8,
940,2021-01-11,19.28.04,-16,4,90,1,
941,2021-01-11,21.28.04,-18,5,89,7,
942,2021-01-11,23.28.04,-19,9,89,2,
943,2021-01-12,01.28.04,-21,4,88,3,
944,2021-01-12,03.28.04,-22,2,87,9,
945,2021-01-12,05.28.04,-23,0,87,0,
946,2021-01-12,07.28.04,-23,3,86,5,
947,2021-01-12,09.28.04,-22,9,85,0,
948,2021-01-12,11.28.04,-21,6,86,5,
949,2021-01-12,13.28.04,-21,0,87,6,
950,2021-01-12,15.28.04,-20,5,88,0,
951,2021-01-12,17.28.04,-20,7,88,2,
952,2021-01-12,19.28.04,-20,7,88,5,
953,2021-01-12,21.28.04,-21,8,87,6,
954,2021-01-12,23.28.04,-22,4,87,6,
955,2021-01-13,01.28.04,-22,9,86,5,
956,2021-01-13,03.28.04,-24,0,87,1,
957,2021-01-13,05.28.04,-24,2,87,5,
958,2021-01-13,07.28.04,-21,1,88,6,
959,2021-01-13,09.28.04,-19,5,85,7,
960,2021-01-13,11.28.04,-18,6,87,7,
961,2021-01-13,13.28.04,-17,6,88,7,
962,2021-01-13,15.28.04,-18,3,89,1,
963,2021-01-13,17.28.04,-17,9,89,8,
964,2021-01-13,19.28.04,-17,3,90,3,
965,2021-01-13,21.28.04,-16,3,90,5,
966,2021-01-13,23.28.04,-15,3,90,8,
967,2021-01-14,01.28.04,-14,9,90,9,
968,2021-01-14,03.28.04,-14,4,90,8,
969,2021-01-14,05.28.04,-14,7,90,7,
970,2021-01-14,07.28.04,-14,3,90,7,
971,2021-01-14,09.28.04,-13,5,90,1,
972,2021-01-14,11.28.04,-13,0,90,1,
973,2021-01-14,13.28.04,-12,0,90,2,
974,2021-01-14,15.28.04,-12,1,90,8,
975,2021-01-14,17.28.04,-12,8,91,0,
976,2021-01-14,19.28.04,-12,6,91,4,
977,2021-01-14,21.28.04,-12,5,91,2,
978,2021-01-14,23.28.04,-12,5,91,2,
979,2021-01-15,01.28.04,-12,4,91,0,
980,2021-01-15,03.28.04,-12,4,91,2,
981,2021-01-15,05.28.04,-12,6,91,0,
982,2021-01-15,07.28.04,-12,7,90,6,
983,2021-01-15,09.28.04,-12,2,90,3,
984,2021-01-15,11.28.04,-11,7,90,1,
985,2021-01-15,13.28.04,-11,5,90,3,
986,2021-01-15,15.28.04,-11,9,90,9,
987,2021-01-15,17.28.04,-12,2,91,2,
988,2021-01-15,19.28.04,-12,3,91,3,
989,2021-01-15,21.28.04,-12,8,91,0,
990,2021-01-15,23.28.04,-13,2,90,7,
991,2021-01-16,01.28.04,-13,3,91,0,
992,2021-01-16,03.28.04,-13,9,90,8,
993,2021-01-16,05.28.04,-14,9,90,2,
994,2021-01-16,07.28.04,-15,3,89,6,
995,2021-01-16,09.28.04,-14,4,89,2,
996,2021-01-16,11.28.04,-13,6,87,8,
997,2021-01-16,13.28.04,-13,6,89,0,
998,2021-01-16,15.28.04,-13,7,90,0,
999,2021-01-16,17.28.04,-13,9,90,0,
1000,2021-01-16,19.28.04,-14,3,89,9,
1001,2021-01-16,21.28.04,-15,1,90,0,
1002,2021-01-16,23.28.04,-15,7,90,2,
1003,2021-01-17,01.28.04,-16,0,89,6,
1004,2021-01-17,03.28.04,-16,1,89,9,
1005,2021-01-17,05.28.04,-16,4,89,4,
1006,2021-01-17,07.28.04,-16,7,88,9,
1007,2021-01-17,09.28.04,-16,1,86,0,
1008,2021-01-17,11.28.04,-15,0,85,0,
1009,2021-01-17,13.28.04,-15,1,86,8,
1010,2021-01-17,15.28.04,-15,7,86,4,
1011,2021-01-17,17.28.04,-17,1,87,2,
1012,2021-01-17,19.28.04,-17,9,87,1,
1013,2021-01-17,21.28.04,-18,8,87,5,
1014,2021-01-17,23.28.04,-19,5,87,8,
1015,2021-01-18,01.28.04,-20,2,87,4,
1016,2021-01-18,03.28.04,-20,3,87,7,
1017,2021-01-18,05.28.04,-19,3,88,2,
1018,2021-01-18,07.28.04,-17,6,88,1,
1019,2021-01-18,09.28.04,-16,9,88,7,
1020,2021-01-18,11.28.04,-15,6,89,1,
1021,2021-01-18,13.28.04,-14,7,89,5,
1022,2021-01-18,15.28.04,-14,5,90,2,
1023,2021-01-18,17.28.04,-14,3,89,6,
1024,2021-01-18,19.28.04,-14,3,90,0,
1025,2021-01-18,21.28.04,-14,2,90,3,
1026,2021-01-18,23.28.04,-14,0,90,8,
1027,2021-01-19,01.28.04,-13,9,90,8,
1028,2021-01-19,03.28.04,-13,7,90,8,
1029,2021-01-19,05.28.04,-13,5,91,0,
1030,2021-01-19,07.28.04,-13,1,90,7,
1031,2021-01-19,09.28.04,-12,0,90,2,
1032,2021-01-19,11.28.04,-10,9,90,0,
1033,2021-01-19,13.28.04,-10,2,90,7,
1034,2021-01-19,15.28.04,-9,6,91,9,
1035,2021-01-19,17.28.04,-9,1,92,4,
1036,2021-01-19,19.28.04,-8,4,92,8,
1037,2021-01-19,21.28.04,-7,6,93,1,
1038,2021-01-19,23.28.04,-7,1,93,3,
1039,2021-01-20,01.28.04,-5,7,94,1,
1040,2021-01-20,03.28.04,-4,0,94,8,
1041,2021-01-20,05.28.04,-2,8,95,3,
1042,2021-01-20,07.28.04,-2,6,95,5,
1043,2021-01-20,09.28.04,-0,4,96,4,
1044,2021-01-20,11.28.04,0,5,95,3,
1045,2021-01-20,13.28.04,0,4,95,7,
1046,2021-01-20,15.28.04,0,1,96,8,
1047,2021-01-20,17.28.04,0,1,97,4,
1048,2021-01-20,19.28.04,0,1,97,6,
1049,2021-01-20,21.28.04,0,1,97,6,
1050,2021-01-20,23.28.04,0,1,97,7,
1051,2021-01-21,01.28.04,0,1,97,8,
1052,2021-01-21,03.28.04,0,0,98,0,
1053,2021-01-21,05.28.04,-0,1,98,0,
1054,2021-01-21,07.28.04,0,1,98,0,
1055,2021-01-21,09.28.04,0,7,95,8,
1056,2021-01-21,11.28.04,0,9,95,0,
1057,2021-01-21,13.28.04,0,9,96,1,
1058,2021-01-21,15.28.04,0,6,96,8,
1059,2021-01-21,17.28.04,0,5,97,2,
1060,2021-01-21,19.28.04,0,5,97,4,
1061,2021-01-21,21.28.04,0,0,97,0,
1062,2021-01-21,23.28.04,-0,1,96,8,
1063,2021-01-22,01.28.04,0,2,97,3,
1064,2021-01-22,03.28.04,0,2,97,4,
1065,2021-01-22,05.28.04,0,0,96,4,
1066,2021-01-22,07.28.04,-0,1,95,5,
1067,2021-01-22,09.28.04,0,4,91,1,
1068,2021-01-22,11.28.04,0,6,90,4,
1069,2021-01-22,13.28.04,-0,1,88,6,
1070,2021-01-22,15.28.04,-1,5,92,0,
1071,2021-01-22,17.28.04,-2,7,93,9,
1072,2021-01-22,19.28.04,-3,0,94,8,
1073,2021-01-22,21.28.04,-2,5,94,4,
1074,2021-01-22,23.28.04,-2,2,95,7,
1075,2021-01-23,01.28.04,-1,8,96,1,
1076,2021-01-23,03.28.04,-0,4,97,2,
1077,2021-01-23,05.28.04,0,2,97,5,
1078,2021-01-23,07.28.04,0,3,97,3,
1079,2021-01-23,09.28.04,0,9,95,3,
1080,2021-01-23,11.28.04,1,1,94,7,
1081,2021-01-23,13.28.04,1,3,95,0,
1082,2021-01-23,15.28.04,1,0,96,6,
1083,2021-01-23,17.28.04,0,3,97,1,
1084,2021-01-23,19.28.04,-0,2,97,3,
1085,2021-01-23,21.28.04,-0,3,97,4,
1086,2021-01-23,23.28.04,-0,1,97,5,
1087,2021-01-24,01.28.04,-0,3,97,5,
1088,2021-01-24,03.28.04,0,1,97,5,
1089,2021-01-24,05.28.04,0,2,97,2,
1090,2021-01-24,07.28.04,0,8,96,4,
1091,2021-01-24,09.28.04,1,9,95,0,
1092,2021-01-24,11.28.04,2,5,93,5,
1093,2021-01-24,13.28.04,2,1,92,1,
1094,2021-01-24,15.28.04,2,5,89,4,
1095,2021-01-24,17.28.04,1,6,88,7,
1096,2021-01-24,19.28.04,1,0,87,7,
1097,2021-01-24,21.28.04,-0,2,87,6,
1098,2021-01-24,23.28.04,-0,8,87,3,
1099,2021-01-25,01.28.04,-0,8,87,3,
1100,2021-01-25,03.28.04,-1,4,88,7,
1101,2021-01-25,05.28.04,-2,0,89,9,
1102,2021-01-25,07.28.04,-1,0,86,8,
1103,2021-01-25,09.28.04,0,1,83,8,
1104,2021-01-25,11.28.04,0,5,72,9,
1105,2021-01-25,13.28.04,1,1,72,7,
1106,2021-01-25,15.28.04,0,7,75,2,
1107,2021-01-25,17.28.04,-0,5,82,4,
1108,2021-01-25,19.28.04,-1,4,85,1,
1109,2021-01-25,21.28.04,-2,1,86,1,
1110,2021-01-25,23.28.04,-2,4,85,9,
1111,2021-01-26,01.28.04,-2,9,87,4,
1112,2021-01-26,03.28.04,-3,4,88,7,
1113,2021-01-26,05.28.04,-4,1,90,9,
1114,2021-01-26,07.28.04,-2,7,89,2,
1115,2021-01-26,09.28.04,-0,8,86,5,
1116,2021-01-26,11.28.04,0,3,86,3,
1117,2021-01-26,13.28.04,1,5,85,6,
1118,2021-01-26,15.28.04,-0,3,86,5,
1119,2021-01-26,17.28.04,-1,9,81,3,
1120,2021-01-26,19.28.04,-3,3,83,9,
1121,2021-01-26,21.28.04,-4,3,83,1,
1122,2021-01-26,23.28.04,-5,3,85,2,
1123,2021-01-27,01.28.04,-5,7,87,0,
1124,2021-01-27,03.28.04,-5,6,86,9,
1125,2021-01-27,05.28.04,-5,4,84,4,
1126,2021-01-27,07.28.04,-5,7,84,3,
1127,2021-01-27,09.28.04,-5,5,80,7,
1128,2021-01-27,11.28.04,-4,6,75,0,
1129,2021-01-27,13.28.04,-4,0,71,2,
1130,2021-01-27,15.28.04,-4,6,73,3,
1131,2021-01-27,17.28.04,-5,4,85,6,
1132,2021-01-27,19.28.04,-7,0,87,2,
1133,2021-01-27,21.28.04,-7,4,84,8,
1134,2021-01-27,23.28.04,-8,4,85,6,
1135,2021-01-28,01.28.04,-8,4,84,8,
1136,2021-01-28,03.28.04,-8,9,86,5,
1137,2021-01-28,05.28.04,-10,3,86,6,
1138,2021-01-28,07.28.04,-10,4,85,9,
1139,2021-01-28,09.28.04,-8,9,83,8,
1140,2021-01-28,11.28.04,-8,7,82,4,
1141,2021-01-28,13.28.04,-7,5,80,8,
1142,2021-01-28,15.28.04,-6,9,79,4,
1143,2021-01-28,17.28.04,-7,8,81,3,
1144,2021-01-28,19.28.04,-8,5,84,1,
1145,2021-01-28,21.28.04,-9,8,87,0,
1146,2021-01-28,23.28.04,-11,2,88,4,
1147,2021-01-29,01.28.04,-12,4,90,5,
1148,2021-01-29,03.28.04,-13,2,90,1,
1149,2021-01-29,05.28.04,-14,0,90,2,
1150,2021-01-29,07.28.04,-11,4,90,4,
1151,2021-01-29,09.28.04,-7,8,88,1,
1152,2021-01-29,11.28.04,-6,0,87,3,
1153,2021-01-29,13.28.04,-5,3,91,1,
1154,2021-01-29,15.28.04,-4,7,93,2,
1155,2021-01-29,17.28.04,-4,3,93,9,
1156,2021-01-29,19.28.04,-4,5,92,2,
1157,2021-01-29,21.28.04,-5,7,91,9,
1158,2021-01-29,23.28.04,-7,9,89,3,
1159,2021-01-30,01.28.04,-10,6,89,9,
1160,2021-01-30,03.28.04,-10,6,90,2,
1161,2021-01-30,05.28.04,-9,9,90,6,
1162,2021-01-30,07.28.04,-8,8,90,1,
1163,2021-01-30,09.28.04,-7,1,87,3,
1164,2021-01-30,11.28.04,-6,6,86,4,
1165,2021-01-30,13.28.04,-5,8,87,7,
1166,2021-01-30,15.28.04,-6,9,88,2,
1167,2021-01-30,17.28.04,-7,3,89,4,
1168,2021-01-30,19.28.04,-8,5,87,4,
1169,2021-01-30,21.28.04,-10,6,87,7,
1170,2021-01-30,23.28.04,-12,3,89,6,
1171,2021-01-31,01.28.04,-13,4,90,2,
1172,2021-01-31,03.28.04,-14,4,89,9,
1173,2021-01-31,05.28.04,-15,5,89,6,
1174,2021-01-31,07.28.04,-14,7,88,1,
1175,2021-01-31,09.28.04,-12,4,85,0,
1176,2021-01-31,11.28.04,-11,2,85,1,
1177,2021-01-31,13.28.04,-10,4,83,2,
1178,2021-01-31,15.28.04,-10,8,83,3,
1179,2021-01-31,17.28.04,-11,7,83,9,
1180,2021-01-31,19.28.04,-13,1,84,8,
1181,2021-01-31,21.28.04,-14,3,86,7,
1182,2021-01-31,23.28.04,-17,0,87,8,
1183,2021-02-01,01.28.04,-17,5,87,5,
1184,2021-02-01,03.28.04,-19,2,87,9,
1185,2021-02-01,05.28.04,-20,9,87,9,
1186,2021-02-01,07.28.04,-20,4,84,1,
1187,2021-02-01,09.28.04,-17,7,83,2,
1188,2021-02-01,11.28.04,-16,7,82,3,
1189,2021-02-01,13.28.04,-15,8,81,1,
1190,2021-02-01,15.28.04,-15,6,76,6,
1191,2021-02-01,17.28.04,-17,0,76,9,
1192,2021-02-01,19.28.04,-17,5,78,4,
1193,2021-02-01,21.28.04,-17,4,78,2,
1194,2021-02-01,23.28.04,-19,1,80,0,
1195,2021-02-02,01.28.04,-20,4,78,1,
1196,2021-02-02,03.28.04,-19,3,85,0,
1197,2021-02-02,05.28.04,-20,4,85,5,
1198,2021-02-02,07.28.04,-19,5,81,1,
1199,2021-02-02,09.28.04,-16,8,76,4,
1200,2021-02-02,11.28.04,-14,2,72,6,
1201,2021-02-02,13.28.04,-12,9,63,3,
1202,2021-02-02,15.28.04,-12,6,73,3,
1203,2021-02-02,17.28.04,-14,9,75,4,
1204,2021-02-02,19.28.04,-15,2,73,0,
1205,2021-02-02,21.28.04,-15,6,73,7,
1206,2021-02-02,23.28.04,-16,6,75,9,
1207,2021-02-03,01.28.04,-17,2,77,4,
1208,2021-02-03,03.28.04,-17,6,78,7,
1209,2021-02-03,05.28.04,-18,0,76,7,
1210,2021-02-03,07.28.04,-15,2,71,6,
1211,2021-02-03,09.28.04,-11,7,64,2,
1212,2021-02-03,11.28.04,-8,9,68,6,
1213,2021-02-03,13.28.04,-8,0,73,5,
1214,2021-02-03,15.28.04,-8,4,75,6,
1215,2021-02-03,17.28.04,-9,2,79,6,
1216,2021-02-03,19.28.04,-9,7,84,6,
1217,2021-02-03,21.28.04,-9,8,86,7,
1218,2021-02-03,23.28.04,-10,9,87,3,
1219,2021-02-04,01.28.04,-11,4,87,3,
1220,2021-02-04,03.28.04,-11,7,87,3,
1221,2021-02-04,05.28.04,-12,2,88,3,
1222,2021-02-04,07.28.04,-9,7,84,9,
1223,2021-02-04,09.28.04,-6,6,81,0,
1224,2021-02-04,11.28.04,-5,7,81,7,
1225,2021-02-04,13.28.04,-5,5,82,7,
1226,2021-02-04,15.28.04,-6,6,85,1,
1227,2021-02-04,17.28.04,-7,0,87,7,
1228,2021-02-04,19.28.04,-6,6,89,1,
1229,2021-02-04,21.28.04,-6,5,90,4,
1230,2021-02-04,23.28.04,-7,3,91,8,
1231,2021-02-05,01.28.04,-6,8,91,6,
1232,2021-02-05,03.28.04,-6,2,92,2,
1233,2021-02-05,05.28.04,-5,9,92,8,
1234,2021-02-05,07.28.04,-5,2,92,8,
1235,2021-02-05,09.28.04,-4,2,90,1,
1236,2021-02-05,11.28.04,-3,0,87,2,
1237,2021-02-05,13.28.04,-2,5,85,8,
1238,2021-02-05,15.28.04,-2,3,86,8,
1239,2021-02-05,17.28.04,-3,2,92,5,
1240,2021-02-05,19.28.04,-3,0,93,2,
1241,2021-02-05,21.28.04,-2,8,93,9,
1242,2021-02-05,23.28.04,-2,3,94,6,
1243,2021-02-06,01.28.04,-1,8,95,0,
1244,2021-02-06,03.28.04,-1,8,94,9,
1245,2021-02-06,05.28.04,-2,1,95,9,
1246,2021-02-06,07.28.04,-1,5,95,9,
1247,2021-02-06,09.28.04,-0,4,95,0,
1248,2021-02-06,11.28.04,0,3,95,0,
1249,2021-02-06,13.28.04,0,8,94,6,
1250,2021-02-06,15.28.04,0,8,94,8,
1251,2021-02-06,17.28.04,0,4,96,4,
1252,2021-02-06,19.28.04,0,1,96,2,
1253,2021-02-06,21.28.04,-0,4,94,2,
1254,2021-02-06,23.28.04,-0,5,95,7,
1255,2021-02-07,01.28.04,-0,5,96,0,
1256,2021-02-07,03.28.04,-0,4,96,2,
1257,2021-02-07,05.28.04,-0,4,96,8,
1258,2021-02-07,07.28.04,0,2,96,5,
1259,2021-02-07,09.28.04,0,6,94,6,
1260,2021-02-07,11.28.04,0,9,94,4,
1261,2021-02-07,13.28.04,1,3,93,2,
1262,2021-02-07,15.28.04,1,1,93,7,
1263,2021-02-07,17.28.04,0,3,95,8,
1264,2021-02-07,19.28.04,0,2,96,0,
1265,2021-02-07,21.28.04,0,2,96,4,
1266,2021-02-07,23.28.04,0,0,96,1,
1267,2021-02-08,01.28.04,-0,3,96,3,
1268,2021-02-08,03.28.04,-0,4,96,5,
1269,2021-02-08,05.28.04,-0,4,96,4,
1270,2021-02-08,07.28.04,0,0,95,6,
1271,2021-02-08,09.28.04,0,8,92,4,
1272,2021-02-08,11.28.04,1,3,88,6,
1273,2021-02-08,13.28.04,1,5,88,9,
1274,2021-02-08,15.28.04,0,6,91,4,
1275,2021-02-08,17.28.04,0,0,94,3,
1276,2021-02-08,19.28.04,-0,1,95,1,
1277,2021-02-08,21.28.04,-0,4,96,1,
1278,2021-02-08,23.28.04,-0,6,96,4,
1279,2021-02-09,01.28.04,-1,4,95,8,
1280,2021-02-09,03.28.04,-1,6,95,6,
1281,2021-02-09,05.28.04,-2,2,94,2,
1282,2021-02-09,07.28.04,-3,0,92,4,
1283,2021-02-09,09.28.04,-1,6,88,5,
1284,2021-02-09,11.28.04,-1,6,84,7,
1285,2021-02-09,13.28.04,-1,1,85,3,
1286,2021-02-09,15.28.04,-2,5,86,1,
1287,2021-02-09,17.28.04,-4,8,90,1,
1288,2021-02-09,19.28.04,-5,7,90,9,
1289,2021-02-09,21.28.04,-5,5,92,0,
1290,2021-02-09,23.28.04,-5,3,92,0,
1291,2021-02-10,01.28.04,-5,0,92,4,
1292,2021-02-10,03.28.04,-6,8,88,4,
1293,2021-02-10,05.28.04,-9,0,88,5,
1294,2021-02-10,07.28.04,-8,0,81,9,
1295,2021-02-10,09.28.04,-5,1,75,1,
1296,2021-02-10,11.28.04,-5,4,78,3,
1297,2021-02-10,13.28.04,-4,9,72,2,
1298,2021-02-10,15.28.04,-5,3,73,0,
1299,2021-02-10,17.28.04,-6,3,83,4,
1300,2021-02-10,19.28.04,-7,3,88,9,
1301,2021-02-10,21.28.04,-7,3,86,3,
1302,2021-02-10,23.28.04,-8,7,84,7,
1303,2021-02-11,01.28.04,-10,2,86,4,
1304,2021-02-11,03.28.04,-11,5,88,7,
1305,2021-02-11,05.28.04,-12,3,90,1,
1306,2021-02-11,07.28.04,-10,6,85,2,
1307,2021-02-11,09.28.04,-8,3,76,5,
1308,2021-02-11,11.28.04,-7,8,74,7,
1309,2021-02-11,13.28.04,-7,3,68,3,
1310,2021-02-11,15.28.04,-7,5,70,0,
1311,2021-02-11,17.28.04,-9,2,74,7,
1312,2021-02-11,19.28.04,-10,8,79,9,
1313,2021-02-11,21.28.04,-11,5,82,6,
1314,2021-02-11,23.28.04,-11,3,83,9,
1315,2021-02-12,01.28.04,-10,1,83,5,
1316,2021-02-12,03.28.04,-9,1,84,0,
1317,2021-02-12,05.28.04,-8,4,91,1,
1318,2021-02-12,07.28.04,-7,3,90,8,
1319,2021-02-12,09.28.04,-5,4,91,0,
1320,2021-02-12,11.28.04,-2,9,89,4,
1321,2021-02-12,13.28.04,-2,6,92,2,
1322,2021-02-12,15.28.04,-2,4,93,7,
1323,2021-02-12,17.28.04,-2,6,94,9,
1324,2021-02-12,19.28.04,-2,5,95,3,
1325,2021-02-12,21.28.04,-1,9,95,7,
1326,2021-02-12,23.28.04,-0,4,96,5,
1327,2021-02-13,01.28.04,-0,2,96,7,
1328,2021-02-13,03.28.04,-0,1,96,8,
1329,2021-02-13,05.28.04,-1,4,95,7,
1330,2021-02-13,07.28.04,-0,4,94,0,
1331,2021-02-13,09.28.04,0,1,92,9,
1332,2021-02-13,11.28.04,1,2,91,9,
1333,2021-02-13,13.28.04,0,3,92,4,
1334,2021-02-13,15.28.04,-0,8,94,2,
1335,2021-02-13,17.28.04,-2,0,93,5,
1336,2021-02-13,19.28.04,-3,5,92,0,
1337,2021-02-13,21.28.04,-4,1,91,7,
1338,2021-02-13,23.28.04,-4,5,88,3,
1339,2021-02-14,01.28.04,-6,0,88,5,
1340,2021-02-14,03.28.04,-7,6,87,4,
1341,2021-02-14,05.28.04,-8,2,87,8,
1342,2021-02-14,07.28.04,-6,2,84,9,
1343,2021-02-14,09.28.04,-3,7,78,8,
1344,2021-02-14,11.28.04,-3,3,81,2,
1345,2021-02-14,13.28.04,-3,4,73,1,
1346,2021-02-14,15.28.04,-3,6,66,3,
1347,2021-02-14,17.28.04,-4,5,67,1,
1348,2021-02-14,19.28.04,-5,4,69,0,
1349,2021-02-14,21.28.04,-7,2,77,0,
1350,2021-02-14,23.28.04,-7,9,78,6,
1351,2021-02-15,01.28.04,-9,2,83,8,
1352,2021-02-15,03.28.04,-10,4,85,8,
1353,2021-02-15,05.28.04,-9,6,85,2,
1354,2021-02-15,07.28.04,-5,5,80,3,
1355,2021-02-15,09.28.04,-1,9,83,5,
1356,2021-02-15,11.28.04,1,1,82,8,
1357,2021-02-15,13.28.04,2,7,83,7,
1358,2021-02-15,15.28.04,2,8,86,6,
1359,2021-02-15,17.28.04,1,2,91,0,
1360,2021-02-15,19.28.04,0,5,92,4,
1361,2021-02-15,21.28.04,1,5,91,8,
1362,2021-02-15,23.28.04,0,9,93,1,
1363,2021-02-16,01.28.04,1,1,93,2,
1364,2021-02-16,03.28.04,1,3,92,9,
1365,2021-02-16,05.28.04,1,6,90,4,
1366,2021-02-16,07.28.04,3,1,84,9,
1367,2021-02-16,09.28.04,6,5,73,5,
1368,2021-02-16,11.28.04,7,3,63,6,
1369,2021-02-16,13.28.04,6,1,69,7,
1370,2021-02-16,15.28.04,4,3,76,8,
1371,2021-02-16,17.28.04,1,9,85,8,
1372,2021-02-16,19.28.04,1,5,87,4,
1373,2021-02-16,21.28.04,0,7,89,8,
1374,2021-02-16,23.28.04,0,0,91,5,
1375,2021-02-17,01.28.04,-1,0,93,3,
1376,2021-02-17,03.28.04,-1,7,94,3,
1377,2021-02-17,05.28.04,-0,5,95,1,
1378,2021-02-17,07.28.04,1,5,90,0,
1379,2021-02-17,09.28.04,4,0,80,1,
1380,2021-02-17,11.28.04,4,3,74,9,
1381,2021-02-17,13.28.04,4,3,77,1,
1382,2021-02-17,15.28.04,3,3,79,0,
1383,2021-02-17,17.28.04,1,1,86,7,
1384,2021-02-17,19.28.04,0,5,87,4,
1385,2021-02-17,21.28.04,0,2,87,3,
1386,2021-02-17,23.28.04,-0,8,88,7,
1387,2021-02-18,01.28.04,-0,4,88,1,
1388,2021-02-18,03.28.04,-0,9,89,6,
1389,2021-02-18,05.28.04,-0,7,88,9,
1390,2021-02-18,07.28.04,1,7,82,6,
1391,2021-02-18,09.28.04,4,6,74,2,
1392,2021-02-18,11.28.04,4,8,70,1,
1393,2021-02-18,13.28.04,4,6,71,2,
1394,2021-02-18,15.28.04,4,5,70,9,
1395,2021-02-18,17.28.04,3,2,78,1,
1396,2021-02-18,19.28.04,2,1,80,7,
1397,2021-02-18,21.28.04,0,5,85,9,
1398,2021-02-18,23.28.04,-0,5,90,4,
1399,2021-02-19,01.28.04,-1,1,92,2,
1400,2021-02-19,03.28.04,-1,0,94,5,
1401,2021-02-19,05.28.04,-1,6,93,9,
1402,2021-02-19,07.28.04,-0,6,92,7,
1403,2021-02-19,09.28.04,1,5,89,2,
1404,2021-02-19,11.28.04,2,1,86,7,
1405,2021-02-19,13.28.04,2,5,85,2,
1406,2021-02-19,15.28.04,2,3,85,9,
1407,2021-02-19,17.28.04,1,6,90,9,
1408,2021-02-19,19.28.04,1,6,93,8,
1409,2021-02-19,21.28.04,1,1,94,7,
1410,2021-02-19,23.28.04,1,1,95,5,
1411,2021-02-20,01.28.04,1,0,95,4,
1412,2021-02-20,03.28.04,0,4,95,5,
1413,2021-02-20,05.28.04,1,2,95,6,
1414,2021-02-20,07.28.04,2,9,88,6,
1415,2021-02-20,09.28.04,5,6,81,1,
1416,2021-02-20,11.28.04,6,5,76,5,
1417,2021-02-20,13.28.04,6,7,74,2,
1418,2021-02-20,15.28.04,6,4,73,1,
1419,2021-02-20,17.28.04,4,8,77,3,
1420,2021-02-20,19.28.04,3,9,79,5,
1421,2021-02-20,21.28.04,1,7,86,5,
1422,2021-02-20,23.28.04,0,5,90,6,
1423,2021-02-21,01.28.04,0,0,92,6,
1424,2021-02-21,03.28.04,-0,7,92,8,
1425,2021-02-21,05.28.04,-0,1,89,8,
1426,2021-02-21,07.28.04,1,1,85,9,
1427,2021-02-21,09.28.04,1,5,86,1,
1428,2021-02-21,11.28.04,2,2,86,6,
1429,2021-02-21,13.28.04,2,0,88,5,
1430,2021-02-21,15.28.04,1,6,92,1,
1431,2021-02-21,17.28.04,1,2,95,0,
1432,2021-02-21,19.28.04,1,3,95,6,
1433,2021-02-21,21.28.04,1,1,96,0,
1434,2021-02-21,23.28.04,1,7,96,3,
1435,2021-02-22,01.28.04,2,1,96,5,
1436,2021-02-22,03.28.04,2,6,96,5,
1437,2021-02-22,05.28.04,2,7,96,7,
1438,2021-02-22,07.28.04,3,4,93,9,
1439,2021-02-22,09.28.04,4,4,85,4,
1440,2021-02-22,11.28.04,5,5,70,9,
1441,2021-02-22,13.28.04,7,2,58,2,
1442,2021-02-22,15.28.04,5,0,67,9,
1443,2021-02-22,17.28.04,3,6,64,5,
1444,2021-02-22,19.28.04,2,2,72,8,
1445,2021-02-22,21.28.04,1,4,77,4,
1446,2021-02-22,23.28.04,1,0,79,7,
1447,2021-02-23,01.28.04,1,1,83,0,
1448,2021-02-23,03.28.04,0,5,84,6,
1449,2021-02-23,05.28.04,0,6,84,9,
1450,2021-02-23,07.28.04,3,9,77,4,
1451,2021-02-23,09.28.04,5,1,71,3,
1452,2021-02-23,11.28.04,5,7,65,3,
1453,2021-02-23,13.28.04,4,6,67,9,
1454,2021-02-23,15.28.04,4,5,64,9,
1455,2021-02-23,17.28.04,3,5,67,8,
1456,2021-02-23,19.28.04,1,5,74,4,
1457,2021-02-23,21.28.04,1,9,75,7,
1458,2021-02-23,23.28.04,1,6,78,5,
1459,2021-02-24,01.28.04,0,9,80,6,
1460,2021-02-24,03.28.04,-0,3,84,5,
1461,2021-02-24,05.28.04,0,8,81,4,
1462,2021-02-24,07.28.04,2,8,75,1,
1463,2021-02-24,09.28.04,3,9,70,4,
1464,2021-02-24,11.28.04,4,7,65,4,
1465,2021-02-24,13.28.04,4,7,66,8,
1466,2021-02-24,15.28.04,4,0,62,3,
1467,2021-02-24,17.28.04,2,7,64,6,
1468,2021-02-24,19.28.04,1,2,73,9,
1469,2021-02-24,21.28.04,-0,2,79,5,
1470,2021-02-24,23.28.04,-0,5,82,2,
1471,2021-02-25,01.28.04,-1,3,84,6,
1472,2021-02-25,03.28.04,-1,4,87,5,
1473,2021-02-25,05.28.04,-0,6,89,1,
1474,2021-02-25,07.28.04,0,1,90,6,
1475,2021-02-25,09.28.04,1,3,88,6,
1476,2021-02-25,11.28.04,2,0,87,5,
1477,2021-02-25,13.28.04,3,1,84,7,
1478,2021-02-25,15.28.04,1,2,88,8,
1479,2021-02-25,17.28.04,0,6,92,6,
1480,2021-02-25,19.28.04,0,1,93,5,
1481,2021-02-25,21.28.04,-0,2,93,3,
1482,2021-02-25,23.28.04,0,0,93,3,
1483,2021-02-26,01.28.04,-0,6,93,2,
1484,2021-02-26,03.28.04,-1,1,91,8,
1485,2021-02-26,05.28.04,-1,2,92,7,
1486,2021-02-26,07.28.04,0,4,90,7,
1487,2021-02-26,09.28.04,1,5,85,4,
1488,2021-02-26,11.28.04,2,2,83,7,
1489,2021-02-26,13.28.04,2,4,81,6,
1490,2021-02-26,15.28.04,2,9,73,7,
1491,2021-02-26,17.28.04,2,0,73,6,
1492,2021-02-26,19.28.04,1,1,81,2,
1493,2021-02-26,21.28.04,-0,6,83,0,
1494,2021-02-26,23.28.04,-2,0,85,7,
1495,2021-02-27,01.28.04,-1,7,84,2,
1496,2021-02-27,03.28.04,-1,1,88,9,
1497,2021-02-27,05.28.04,-0,9,93,1,
1498,2021-02-27,07.28.04,0,1,91,7,
1499,2021-02-27,09.28.04,2,2,86,8,
1500,2021-02-27,11.28.04,3,6,82,4,
1501,2021-02-27,13.28.04,3,6,81,2,
1502,2021-02-27,15.28.04,3,6,81,6,
1503,2021-02-27,17.28.04,2,9,82,0,
1504,2021-02-27,19.28.04,2,0,84,3,
1505,2021-02-27,21.28.04,2,1,82,7,
1506,2021-02-27,23.28.04,1,7,81,5,
1507,2021-02-28,01.28.04,1,1,84,4,
1508,2021-02-28,03.28.04,1,1,86,3,
1509,2021-02-28,05.28.04,0,5,94,0,
1510,2021-02-28,07.28.04,1,1,95,0,
1511,2021-02-28,09.28.04,1,9,95,0,
1512,2021-02-28,11.28.04,2,5,93,4,
1513,2021-02-28,13.28.04,3,1,88,9,
1514,2021-02-28,15.28.04,1,4,90,3,
1515,2021-02-28,17.28.04,0,6,91,2,
1516,2021-02-28,19.28.04,0,3,88,7,
1517,2021-02-28,21.28.04,-0,3,89,6,
1518,2021-02-28,23.28.04,-0,7,82,9,
1519,2021-03-01,01.28.04,-1,5,83,5,
1520,2021-03-01,03.28.04,-1,2,83,2,
1521,2021-03-01,05.28.04,-0,7,80,2,
1522,2021-03-01,07.28.04,-0,5,81,6,
1523,2021-03-01,09.28.04,0,1,79,8,
1524,2021-03-01,11.28.04,0,9,81,6,
1525,2021-03-01,13.28.04,1,2,82,6,
1526,2021-03-01,15.28.04,1,1,80,9,
1527,2021-03-01,17.28.04,0,3,86,4,
1528,2021-03-01,19.28.04,-0,3,89,9,
1529,2021-03-01,21.28.04,-0,4,93,2,
1530,2021-03-01,23.28.04,-0,6,94,3,
1531,2021-03-02,01.28.04,-0,4,95,0,
1532,2021-03-02,03.28.04,-0,2,95,3,
1533,2021-03-02,05.28.04,0,0,95,4,
1534,2021-03-02,07.28.04,0,3,94,1,
1535,2021-03-02,09.28.04,1,3,90,4,
1536,2021-03-02,11.28.04,2,3,90,2,
1537,2021-03-02,13.28.04,1,9,90,7,
1538,2021-03-02,15.28.04,1,6,90,8,
1539,2021-03-02,17.28.04,0,9,88,8,
1540,2021-03-02,19.28.04,0,6,87,7,
1541,2021-03-02,21.28.04,0,3,88,0,
1542,2021-03-02,23.28.04,-1,0,89,4,
1543,2021-03-03,01.28.04,-0,5,89,6,
1544,2021-03-03,03.28.04,-1,0,91,4,
1545,2021-03-03,05.28.04,-0,8,92,1,
1546,2021-03-03,07.28.04,0,9,88,8,
1547,2021-03-03,09.28.04,2,6,84,4,
1548,2021-03-03,11.28.04,2,9,78,0,
1549,2021-03-03,13.28.04,3,2,60,0,
1550,2021-03-03,15.28.04,2,2,64,0,
1551,2021-03-03,17.28.04,1,0,72,8,
1552,2021-03-03,19.28.04,-1,4,82,4,
1553,2021-03-03,21.28.04,-2,2,82,2,
1554,2021-03-03,23.28.04,-3,1,84,4,
1555,2021-03-04,01.28.04,-4,5,85,4,
1556,2021-03-04,03.28.04,-5,1,86,4,
1557,2021-03-04,05.28.04,-2,7,82,1,
1558,2021-03-04,07.28.04,1,0,72,5,
1559,2021-03-04,09.28.04,1,8,65,8,
1560,2021-03-04,11.28.04,2,2,75,0,
1561,2021-03-04,13.28.04,0,2,91,5,
1562,2021-03-04,15.28.04,0,3,93,2,
1563,2021-03-04,17.28.04,0,3,94,4,
1564,2021-03-04,19.28.04,0,2,95,2,
1565,2021-03-04,21.28.04,0,3,95,5,
1566,2021-03-04,23.28.04,0,5,95,7,
1567,2021-03-05,01.28.04,0,1,96,0,
1568,2021-03-05,03.28.04,0,2,96,2,
1569,2021-03-05,05.28.04,0,6,96,3,
1570,2021-03-05,07.28.04,3,1,96,6,
1571,2021-03-05,09.28.04,3,0,94,6,
1572,2021-03-05,11.28.04,3,2,92,9,
1573,2021-03-05,13.28.04,2,7,89,9,
1574,2021-03-05,15.28.04,2,1,90,5,
1575,2021-03-05,17.28.04,0,7,93,1,
1576,2021-03-05,19.28.04,0,0,95,1,
1577,2021-03-05,21.28.04,-0,2,95,4,
1578,2021-03-05,23.28.04,-0,6,94,9,
1579,2021-03-06,01.28.04,-1,1,94,6,
1580,2021-03-06,03.28.04,-1,0,94,9,
1581,2021-03-06,05.28.04,0,2,90,8,
1582,2021-03-06,07.28.04,1,7,87,0,
1583,2021-03-06,09.28.04,3,7,75,4,
1584,2021-03-06,11.28.04,4,3,65,6,
1585,2021-03-06,13.28.04,4,6,61,5,
1586,2021-03-06,15.28.04,4,6,51,1,
1587,2021-03-06,17.28.04,3,2,65,5,
1588,2021-03-06,19.28.04,0,9,70,8,
1589,2021-03-06,21.28.04,0,0,75,1,
1590,2021-03-06,23.28.04,-0,1,78,5,
1591,2021-03-07,01.28.04,0,7,72,3,
1592,2021-03-07,03.28.04,2,0,62,0,
1593,2021-03-07,05.28.04,1,6,73,6,
1594,2021-03-07,07.28.04,0,7,89,5,
1595,2021-03-07,09.28.04,3,4,83,1,
1596,2021-03-07,11.28.04,7,3,68,3,
1597,2021-03-07,13.28.04,8,8,65,2,
1598,2021-03-07,15.28.04,8,3,65,9,
1599,2021-03-07,17.28.04,7,4,69,3,
1600,2021-03-07,19.28.04,5,9,72,2,
1601,2021-03-07,21.28.04,5,4,72,1,
1602,2021-03-07,23.28.04,5,0,71,8,
1603,2021-03-08,01.28.04,4,1,74,9,
1604,2021-03-08,03.28.04,4,1,76,0,
1605,2021-03-08,05.28.04,4,4,76,9,
1606,2021-03-08,07.28.04,3,3,87,4,
1607,2021-03-08,09.28.04,4,4,87,4,
1608,2021-03-08,11.28.04,5,1,88,7,
1609,2021-03-08,13.28.04,6,1,74,5,
1610,2021-03-08,15.28.04,5,4,71,3,
1611,2021-03-08,17.28.04,4,0,74,9,
1612,2021-03-08,19.28.04,2,6,80,5,
1613,2021-03-08,21.28.04,1,6,84,6,
1614,2021-03-08,23.28.04,1,1,86,1,
1615,2021-03-09,01.28.04,0,5,85,0,
1616,2021-03-09,03.28.04,-0,3,86,7,
1617,2021-03-09,05.28.04,1,5,79,7,
1618,2021-03-09,07.28.04,2,2,75,7,
1619,2021-03-09,09.28.04,2,5,72,4,
1620,2021-03-09,11.28.04,2,6,69,3,
1621,2021-03-09,13.28.04,3,1,60,1,
1622,2021-03-09,15.28.04,2,8,56,1,
1623,2021-03-09,17.28.04,2,3,61,6,
1624,2021-03-09,19.28.04,1,3,64,7,
1625,2021-03-09,21.28.04,0,7,70,3,
1626,2021-03-09,23.28.04,0,0,75,8,
1627,2021-03-10,01.28.04,-0,8,80,8,
1628,2021-03-10,03.28.04,-0,8,82,6,
1629,2021-03-10,05.28.04,1,5,78,1,
1630,2021-03-10,07.28.04,5,1,61,4,
1631,2021-03-10,09.28.04,5,6,53,2,
1632,2021-03-10,11.28.04,5,3,48,9,
1633,2021-03-10,13.28.04,5,2,47,4,
1634,2021-03-10,15.28.04,5,3,48,9,
1635,2021-03-10,17.28.04,5,0,49,4,
1636,2021-03-10,19.28.04,4,4,53,0,
1637,2021-03-10,21.28.04,4,1,52,5,
1638,2021-03-10,23.28.04,3,8,53,8,
1639,2021-03-11,01.28.04,1,1,74,1,
1640,2021-03-11,03.28.04,2,3,58,8,
1641,2021-03-11,05.28.04,2,8,64,5,
1642,2021-03-11,07.28.04,6,6,49,6,
1643,2021-03-11,09.28.04,7,6,47,6,
1644,2021-03-11,11.28.04,8,0,45,2,
1645,2021-03-11,13.28.04,8,5,46,5,
1646,2021-03-11,15.28.04,8,2,48,4,
1647,2021-03-11,17.28.04,7,4,52,5,
1648,2021-03-11,19.28.04,6,7,52,6,
1649,2021-03-11,21.28.04,5,7,56,8,
1650,2021-03-11,23.28.04,3,7,66,9,
1651,2021-03-12,01.28.04,3,1,69,7,
1652,2021-03-12,03.28.04,3,9,62,1,
1653,2021-03-12,05.28.04,4,0,68,8,
1654,2021-03-12,07.28.04,8,9,50,2,
1655,2021-03-12,09.28.04,9,7,44,4,
1656,2021-03-12,11.28.04,9,7,41,6,
1657,2021-03-12,13.28.04,9,8,42,9,
1658,2021-03-12,15.28.04,9,8,42,9,
1659,2021-03-12,17.28.04,9,1,46,1,
1660,2021-03-12,19.28.04,9,0,44,4,
1661,2021-03-12,21.28.04,8,0,42,9,
1662,2021-03-12,23.28.04,6,4,47,1,
1663,2021-03-13,01.28.04,5,4,51,6,
1664,2021-03-13,03.28.04,4,6,56,3,
1665,2021-03-13,05.28.04,6,1,61,1,
1666,2021-03-13,07.28.04,10,6,45,7,
1667,2021-03-13,09.28.04,10,7,41,5,
1668,2021-03-13,11.28.04,10,5,41,3,
1669,2021-03-13,13.28.04,10,6,39,0,
1670,2021-03-13,15.28.04,9,9,38,0,
1671,2021-03-13,17.28.04,9,5,43,2,
1672,2021-03-13,19.28.04,7,7,48,8,
1673,2021-03-13,21.28.04,6,1,56,5,
1674,2021-03-13,23.28.04,4,3,66,1,
1675,2021-03-14,01.28.04,4,0,67,6,
1676,2021-03-14,03.28.04,3,4,71,4,
1677,2021-03-14,05.28.04,5,3,68,2,
1678,2021-03-14,07.28.04,10,2,52,6,
1679,2021-03-14,09.28.04,9,6,53,4,
1680,2021-03-14,11.28.04,9,5,52,7,
1681,2021-03-14,13.28.04,9,4,48,0,
1682,2021-03-14,15.28.04,9,2,47,1,
1683,2021-03-14,17.28.04,8,8,49,9,
1684,2021-03-14,19.28.04,7,1,47,3,
1685,2021-03-14,21.28.04,5,7,49,8,
1686,2021-03-14,23.28.04,4,8,49,0,
1687,2021-03-15,01.28.04,3,3,51,9,
1688,2021-03-15,03.28.04,2,3,52,3,
1689,2021-03-15,05.28.04,3,8,50,3,
1690,2021-03-15,07.28.04,7,6,41,5,
1691,2021-03-15,09.28.04,7,7,43,0,
1692,2021-03-15,11.28.04,7,7,41,4,
1693,2021-03-15,13.28.04,7,6,42,3,
1694,2021-03-15,15.28.04,7,4,43,6,
1695,2021-03-15,17.28.04,6,6,45,1,
1696,2021-03-15,19.28.04,5,1,47,5,
1697,2021-03-15,21.28.04,4,5,50,2,
1698,2021-03-15,23.28.04,3,1,53,9,
1699,2021-03-16,01.28.04,2,5,55,4,
1700,2021-03-16,03.28.04,1,9,56,2,
1701,2021-03-16,05.28.04,4,3,57,0,
1702,2021-03-16,07.28.04,8,5,45,6,
1703,2021-03-16,09.28.04,8,5,45,3,
1704,2021-03-16,11.28.04,8,9,46,9,
1705,2021-03-16,13.28.04,9,2,45,1,
1706,2021-03-16,15.28.04,8,2,50,1,
1707,2021-03-16,17.28.04,5,8,63,1,
1708,2021-03-16,19.28.04,2,5,86,3,
1709,2021-03-16,21.28.04,0,6,91,3,
1710,2021-03-16,23.28.04,0,5,92,0,
1711,2021-03-17,01.28.04,0,4,92,5,
1712,2021-03-17,03.28.04,0,5,93,1,
1713,2021-03-17,05.28.04,1,2,93,7,
1714,2021-03-17,07.28.04,2,2,94,3,
1715,2021-03-17,09.28.04,3,3,94,2,
1716,2021-03-17,11.28.04,4,9,93,2,
1717,2021-03-17,13.28.04,4,4,92,6,
1718,2021-03-17,15.28.04,5,0,88,1,
1719,2021-03-17,17.28.04,5,6,83,7,
1720,2021-03-17,19.28.04,4,1,88,3,
1721,2021-03-17,21.28.04,3,2,92,3,
1722,2021-03-17,23.28.04,2,9,93,1,
1723,2021-03-18,01.28.04,2,1,93,3,
1724,2021-03-18,03.28.04,1,8,92,7,
1725,2021-03-18,05.28.04,1,3,93,9,
1726,2021-03-18,07.28.04,0,5,93,8,
1727,2021-03-18,09.28.04,1,6,93,8,
1728,2021-03-18,11.28.04,2,0,93,9,
1729,2021-03-18,13.28.04,2,4,94,4,
1730,2021-03-18,15.28.04,2,9,93,8,
1731,2021-03-18,17.28.04,2,4,94,8,
1732,2021-03-18,19.28.04,1,9,95,2,
1733,2021-03-18,21.28.04,1,6,95,7,
1734,2021-03-18,23.28.04,0,8,95,8,
1735,2021-03-19,01.28.04,0,4,96,1,
1736,2021-03-19,03.28.04,0,2,96,2,
1737,2021-03-19,05.28.04,0,4,96,3,
1738,2021-03-19,07.28.04,1,2,95,8,
1739,2021-03-19,09.28.04,2,0,94,6,
1740,2021-03-19,11.28.04,3,2,91,5,
1741,2021-03-19,13.28.04,3,7,88,1,
1742,2021-03-19,15.28.04,3,8,87,9,
1743,2021-03-19,17.28.04,2,6,87,0,
1744,2021-03-19,19.28.04,1,9,89,9,
1745,2021-03-19,21.28.04,1,7,90,4,
1746,2021-03-19,23.28.04,1,2,91,6,
1747,2021-03-20,01.28.04,0,8,94,0,
1748,2021-03-20,03.28.04,0,8,94,6,
1749,2021-03-20,05.28.04,1,4,91,7,
1750,2021-03-20,07.28.04,1,0,93,8,
1751,2021-03-20,09.28.04,0,5,95,0,
1752,2021-03-20,11.28.04,0,5,96,2,
1753,2021-03-20,13.28.04,0,7,96,6,
1754,2021-03-20,15.28.04,1,6,96,8,
1755,2021-03-20,17.28.04,1,8,96,8,
1756,2021-03-20,19.28.04,1,7,96,9,
1757,2021-03-20,21.28.04,1,6,97,1,
1758,2021-03-20,23.28.04,1,7,97,1,
1759,2021-03-21,01.28.04,1,6,97,2,
1760,2021-03-21,03.28.04,1,1,97,2,
1761,2021-03-21,05.28.04,1,0,97,2,
1762,2021-03-21,07.28.04,0,9,96,2,
1763,2021-03-21,09.28.04,1,6,93,1,
1764,2021-03-21,11.28.04,2,5,89,2,
1765,2021-03-21,13.28.04,2,8,87,4,
1766,2021-03-21,15.28.04,2,3,87,2,
1767,2021-03-21,17.28.04,1,4,87,3,
1768,2021-03-21,19.28.04,0,9,88,5,
1769,2021-03-21,21.28.04,0,5,88,2,
1770,2021-03-21,23.28.04,0,2,86,9,
1771,2021-03-22,01.28.04,-0,1,86,3,
1772,2021-03-22,03.28.04,-0,3,85,4,
1773,2021-03-22,05.28.04,0,1,84,7,
1774,2021-03-22,07.28.04,1,7,73,3,
1775,2021-03-22,09.28.04,1,8,68,8,
1776,2021-03-22,11.28.04,1,8,72,2,
1777,2021-03-22,13.28.04,2,3,62,0,
1778,2021-03-22,15.28.04,2,4,55,2,
1779,2021-03-22,17.28.04,1,6,68,1,
1780,2021-03-22,19.28.04,0,5,74,2,
1781,2021-03-22,21.28.04,-0,1,76,6,
1782,2021-03-22,23.28.04,-0,8,78,0,
1783,2021-03-23,01.28.04,-1,8,84,3,
1784,2021-03-23,03.28.04,-2,1,87,4,
1785,2021-03-23,05.28.04,-1,1,86,6,
1786,2021-03-23,07.28.04,0,3,85,7,
1787,2021-03-23,09.28.04,2,7,69,7,
1788,2021-03-23,11.28.04,2,9,64,7,
1789,2021-03-23,13.28.04,3,0,60,1,
1790,2021-03-23,15.28.04,1,5,76,9,
1791,2021-03-23,17.28.04,0,6,74,9,
1792,2021-03-23,19.28.04,-0,8,78,6,
1793,2021-03-23,21.28.04,-1,7,84,1,
1794,2021-03-23,23.28.04,-1,4,84,8,
1795,2021-03-24,01.28.04,-2,1,84,8,
1796,2021-03-24,03.28.04,-2,0,85,8,
1797,2021-03-24,05.28.04,0,4,75,8,
1798,2021-03-24,07.28.04,3,9,51,2,
1799,2021-03-24,09.28.04,3,6,52,4,
1800,2021-03-24,11.28.04,3,6,61,1,
1801,2021-03-24,13.28.04,3,6,56,8,
1802,2021-03-24,15.28.04,2,6,72,0,
1803,2021-03-24,17.28.04,2,6,66,6,
1804,2021-03-24,19.28.04,0,1,80,1,
1805,2021-03-24,21.28.04,-1,3,85,1,
1806,2021-03-24,23.28.04,-2,0,88,7,
1807,2021-03-25,01.28.04,-2,1,88,9,
1808,2021-03-25,03.28.04,-1,9,90,0,
1809,2021-03-25,05.28.04,-0,3,86,5,
1810,2021-03-25,07.28.04,1,7,76,9,
1811,2021-03-25,09.28.04,3,3,68,5,
1812,2021-03-25,11.28.04,2,7,76,6,
1813,2021-03-25,13.28.04,3,3,73,4,
1814,2021-03-25,15.28.04,1,7,82,6,
1815,2021-03-25,17.28.04,0,6,82,6,
1816,2021-03-25,19.28.04,-0,4,88,4,
1817,2021-03-25,21.28.04,-1,3,84,3,
1818,2021-03-25,23.28.04,-2,2,72,6,
1819,2021-03-26,01.28.04,-2,8,77,4,
1820,2021-03-26,03.28.04,-2,0,75,5,
1821,2021-03-26,05.28.04,-0,8,72,9,
1822,2021-03-26,07.28.04,2,6,47,4,
1823,2021-03-26,09.28.04,2,4,42,1,
1824,2021-03-26,11.28.04,2,9,47,5,
1825,2021-03-26,13.28.04,2,9,41,2,
1826,2021-03-26,15.28.04,1,7,40,8,
1827,2021-03-26,17.28.04,1,1,46,4,
1828,2021-03-26,19.28.04,-0,5,52,7,
1829,2021-03-26,21.28.04,-1,7,54,4,
1830,2021-03-26,23.28.04,-2,6,58,5,
1831,2021-03-27,01.28.04,-3,1,61,2,
1832,2021-03-27,03.28.04,-2,7,61,4,
1833,2021-03-27,05.28.04,1,4,57,5,
1834,2021-03-27,07.28.04,5,9,45,8,
1835,2021-03-27,09.28.04,5,7,48,3,
1836,2021-03-27,11.28.04,5,7,42,2,
1837,2021-03-27,13.28.04,5,9,40,7,
1838,2021-03-27,15.28.04,5,9,40,8,
1839,2021-03-27,17.28.04,4,3,48,5,
1840,2021-03-27,19.28.04,3,0,51,8,
1841,2021-03-27,21.28.04,1,3,60,0,
1842,2021-03-27,23.28.04,0,2,65,7,
1843,2021-03-28,01.28.04,0,0,67,5,
1844,2021-03-28,03.28.04,0,8,66,8,
1845,2021-03-28,05.28.04,1,4,72,1,
1846,2021-03-28,07.28.04,8,1,38,9,
1847,2021-03-28,09.28.04,7,8,36,4,
1848,2021-03-28,11.28.04,7,5,38,3,
1849,2021-03-28,13.28.04,6,9,34,3,
1850,2021-03-28,15.28.04,7,1,41,5,
1851,2021-03-28,17.28.04,6,4,35,9,
1852,2021-03-28,19.28.04,4,8,45,6,
1853,2021-03-28,21.28.04,3,5,50,0,
1854,2021-03-28,23.28.04,2,5,53,6,
1855,2021-03-29,01.28.04,1,6,55,9,
1856,2021-03-29,03.28.04,1,3,59,9,
1857,2021-03-29,05.28.04,3,1,52,7,
1858,2021-03-29,07.28.04,5,9,44,0,
1859,2021-03-29,09.28.04,5,7,42,8,
1860,2021-03-29,11.28.04,6,1,44,4,
1861,2021-03-29,13.28.04,5,9,44,5,
1862,2021-03-29,15.28.04,5,1,43,7,
1863,2021-03-29,17.28.04,4,1,48,1,
1864,2021-03-29,19.28.04,2,6,50,1,
1865,2021-03-29,21.28.04,1,2,48,3,
1866,2021-03-29,23.28.04,-0,1,58,6,
1867,2021-03-30,01.28.04,-1,2,62,8,
1868,2021-03-30,03.28.04,-1,4,65,7,
1869,2021-03-30,05.28.04,0,6,60,0,
1870,2021-03-30,07.28.04,1,9,56,9,
1871,2021-03-30,09.28.04,3,6,49,4,
1872,2021-03-30,11.28.04,3,9,50,0,
1873,2021-03-30,13.28.04,3,6,52,7,
1874,2021-03-30,15.28.04,3,1,55,6,
1875,2021-03-30,17.28.04,2,4,58,6,
1876,2021-03-30,19.28.04,1,1,66,4,
1877,2021-03-30,21.28.04,0,7,73,3,
1878,2021-03-30,23.28.04,0,3,76,5,
1879,2021-03-31,01.28.04,-0,5,80,8,
1880,2021-03-31,03.28.04,-0,3,79,1,
1881,2021-03-31,05.28.04,0,3,75,8,
1882,2021-03-31,07.28.04,1,3,72,0,
1883,2021-03-31,09.28.04,2,3,61,8,
1884,2021-03-31,11.28.04,4,0,63,6,
1885,2021-03-31,13.28.04,3,4,67,5,
1886,2021-03-31,15.28.04,1,9,80,6,
1887,2021-03-31,17.28.04,0,0,90,4,
1888,2021-03-31,19.28.04,-0,7,92,0,
1889,2021-03-31,21.28.04,-0,9,92,2,
1890,2021-03-31,23.28.04,-1,1,91,9,
1891,2021-04-01,01.28.04,-1,4,91,6,
1892,2021-04-01,03.28.04,-1,6,91,4,
1893,2021-04-01,05.28.04,-0,9,89,8,
1894,2021-04-01,07.28.04,-0,1,88,0,
1895,2021-04-01,09.28.04,0,6,87,4,
1896,2021-04-01,11.28.04,1,1,87,3,
1897,2021-04-01,13.28.04,1,2,88,5,
1898,2021-04-01,15.28.04,1,7,92,4,
1899,2021-04-01,17.28.04,1,2,93,5,
1900,2021-04-01,19.28.04,0,6,94,5,
1901,2021-04-01,21.28.04,0,6,94,8,
1902,2021-04-01,23.28.04,0,8,95,1,
1903,2021-04-02,01.28.04,0,3,95,1,
1904,2021-04-02,03.28.04,0,1,95,4,
1905,2021-04-02,05.28.04,1,1,93,7,
1906,2021-04-02,07.28.04,2,1,89,1,
1907,2021-04-02,09.28.04,3,0,84,2,
1908,2021-04-02,11.28.04,4,9,70,3,
1909,2021-04-02,13.28.04,6,0,57,1,
1910,2021-04-02,15.28.04,6,3,55,2,
1911,2021-04-02,17.28.04,5,4,55,6,
1912,2021-04-02,19.28.04,4,8,54,2,
1913,2021-04-02,21.28.04,3,8,61,1,
1914,2021-04-02,23.28.04,1,8,67,7,
1915,2021-04-03,01.28.04,0,7,69,8,
1916,2021-04-03,03.28.04,1,4,70,4,
1917,2021-04-03,05.28.04,5,1,57,5,
1918,2021-04-03,07.28.04,9,3,52,2,
1919,2021-04-03,09.28.04,9,2,48,7,
1920,2021-04-03,11.28.04,8,9,47,1,
1921,2021-04-03,13.28.04,8,6,51,6,
1922,2021-04-03,15.28.04,8,1,49,8,
1923,2021-04-03,17.28.04,8,0,53,0,
1924,2021-04-03,19.28.04,6,4,57,7,
1925,2021-04-03,21.28.04,5,0,71,9,
1926,2021-04-03,23.28.04,3,6,79,6,
1927,2021-04-04,01.28.04,2,7,83,3,
1928,2021-04-04,03.28.04,3,3,84,4,
1929,2021-04-04,05.28.04,4,8,79,4,
1930,2021-04-04,07.28.04,6,8,73,7,
1931,2021-04-04,09.28.04,7,0,75,7,
1932,2021-04-04,11.28.04,6,3,85,8,
1933,2021-04-04,13.28.04,6,4,90,9,
1934,2021-04-04,15.28.04,6,3,93,0,
1935,2021-04-04,17.28.04,6,7,93,9,
1936,2021-04-04,19.28.04,7,8,94,7,
1937,2021-04-04,21.28.04,7,6,95,0,
1938,2021-04-04,23.28.04,8,2,95,3,
1939,2021-04-05,01.28.04,7,8,95,4,
1940,2021-04-05,03.28.04,7,8,95,5,
1941,2021-04-05,05.28.04,9,1,95,6,
1942,2021-04-05,07.28.04,15,7,82,7,
1943,2021-04-05,09.28.04,16,8,76,2,
1944,2021-04-05,11.28.04,18,0,69,6,
1945,2021-04-05,13.28.04,18,2,63,0,
1946,2021-04-05,15.28.04,18,8,58,4,
1947,2021-04-05,17.28.04,17,8,60,2,
1948,2021-04-05,19.28.04,15,9,64,8,
1949,2021-04-05,21.28.04,14,1,69,6,
1950,2021-04-05,23.28.04,12,3,73,5,
1951,2021-04-06,01.28.04,11,0,75,8,
1952,2021-04-06,03.28.04,11,4,74,0,
1953,2021-04-06,05.28.04,16,0,60,9,
1954,2021-04-06,07.28.04,21,5,49,4,
1955,2021-04-06,09.28.04,22,1,45,3,
1956,2021-04-06,11.28.04,22,7,39,8,
1957,2021-04-06,13.28.04,21,6,38,1,
1958,2021-04-06,15.28.04,20,7,37,5,
1959,2021-04-06,17.28.04,20,2,39,5,
1960,2021-04-06,19.28.04,18,4,43,8,
1961,2021-04-06,21.28.04,15,8,50,4,
1962,2021-04-06,23.28.04,14,5,56,0,
1963,2021-04-07,01.28.04,13,5,59,1,
1964,2021-04-07,03.28.04,15,0,56,4,
1965,2021-04-07,05.28.04,17,7,58,8,
1966,2021-04-07,07.28.04,24,0,43,3,
1967,2021-04-07,09.28.04,23,7,42,1,
1968,2021-04-07,11.28.04,24,4,40,8,
1969,2021-04-07,13.28.04,23,7,39,2,
1970,2021-04-07,15.28.04,23,0,36,9,
1971,2021-04-07,17.28.04,22,3,36,7,
1972,2021-04-07,19.28.04,21,2,36,9,
1973,2021-04-07,21.28.04,18,7,47,1,
1974,2021-04-07,23.28.04,17,0,53,1,
1975,2021-04-08,01.28.04,16,0,57,0,
1976,2021-04-08,03.28.04,16,0,60,3,
1977,2021-04-08,05.28.04,16,8,64,7,
1978,2021-04-08,07.28.04,23,1,46,7,
1979,2021-04-08,09.28.04,23,0,42,4,
1980,2021-04-08,11.28.04,23,9,38,8,
1981,2021-04-08,13.28.04,21,4,53,1,
1982,2021-04-08,15.28.04,18,1,60,5,
1983,2021-04-08,17.28.04,16,7,67,2,
1984,2021-04-08,19.28.04,13,9,75,6,
1985,2021-04-08,21.28.04,12,7,79,6,
1986,2021-04-08,23.28.04,12,2,81,8,
1987,2021-04-09,01.28.04,12,1,83,4,
1988,2021-04-09,03.28.04,11,7,85,2,
1989,2021-04-09,05.28.04,14,4,77,8,
1990,2021-04-09,07.28.04,19,7,53,2,
1991,2021-04-09,09.28.04,20,2,53,2,
1992,2021-04-09,11.28.04,20,2,51,1,
1993,2021-04-09,13.28.04,19,9,51,5,
1994,2021-04-09,15.28.04,19,5,52,4,
1995,2021-04-09,17.28.04,18,1,62,3,
1996,2021-04-09,19.28.04,16,2,72,5,
1997,2021-04-09,21.28.04,14,2,77,7,
1998,2021-04-09,23.28.04,12,7,82,3,
1999,2021-04-10,01.28.04,11,2,86,7,
2000,2021-04-10,03.28.04,10,4,87,7,
2001,2021-04-10,05.28.04,11,7,81,8,
2002,2021-04-10,07.28.04,14,8,72,3,
2003,2021-04-10,09.28.04,17,2,67,5,
2004,2021-04-10,11.28.04,18,7,59,7,
2005,2021-04-10,13.28.04,19,4,58,8,
2006,2021-04-10,15.28.04,14,6,83,9,
2007,2021-04-10,17.28.04,13,0,91,1,
2008,2021-04-10,19.28.04,12,8,82,7,
2009,2021-04-10,21.28.04,11,9,88,0,
2010,2021-04-10,23.28.04,12,0,87,2,
2011,2021-04-11,01.28.04,11,6,88,7,
2012,2021-04-11,03.28.04,12,1,88,3,
2013,2021-04-11,05.28.04,14,6,83,5,
2014,2021-04-11,07.28.04,21,1,61,9,
2015,2021-04-11,09.28.04,19,2,60,7,
2016,2021-04-11,11.28.04,19,8,53,6,
2017,2021-04-11,13.28.04,19,9,54,9,
2018,2021-04-11,15.28.04,19,1,51,9,
2019,2021-04-11,17.28.04,18,5,53,9,
2020,2021-04-11,19.28.04,16,7,61,3,
2021,2021-04-11,21.28.04,15,8,62,4,
2022,2021-04-11,23.28.04,15,9,70,6,
2023,2021-04-12,01.28.04,13,8,81,8,
2024,2021-04-12,03.28.04,12,4,92,8,
2025,2021-04-12,05.28.04,13,2,93,5,
2026,2021-04-12,07.28.04,14,8,92,8,
2027,2021-04-12,09.28.04,14,7,91,4,
2028,2021-04-12,11.28.04,15,0,91,4,
2029,2021-04-12,13.28.04,14,9,92,2,
2030,2021-04-12,15.28.04,15,0,90,0,
2031,2021-04-12,17.28.04,14,4,93,7,
2032,2021-04-12,19.28.04,14,2,94,4,
2033,2021-04-12,21.28.04,13,9,94,8,
2034,2021-04-12,23.28.04,13,5,95,0,
2035,2021-04-13,01.28.04,13,3,95,4,
2036,2021-04-13,03.28.04,13,5,95,5,
2037,2021-04-13,05.28.04,13,8,95,6,
2038,2021-04-13,07.28.04,17,0,90,8,
2039,2021-04-13,09.28.04,20,1,77,0,
2040,2021-04-13,11.28.04,21,9,70,5,
2041,2021-04-13,13.28.04,22,9,56,6,
2042,2021-04-13,15.28.04,22,8,51,0,
2043,2021-04-13,17.28.04,22,4,50,0,
2044,2021-04-13,19.28.04,20,9,53,1,
2045,2021-04-13,21.28.04,18,9,59,4,
2046,2021-04-13,23.28.04,16,5,72,2,
2047,2021-04-14,01.28.04,14,7,83,6,
2048,2021-04-14,03.28.04,14,2,87,8,
2049,2021-04-14,05.28.04,11,7,91,7,
2050,2021-04-14,07.28.04,11,3,92,7,
2051,2021-04-14,09.28.04,11,8,92,4,
2052,2021-04-14,11.28.04,12,5,89,6,
2053,2021-04-14,13.28.04,11,7,93,0,
2054,2021-04-14,15.28.04,11,7,92,1,
2055,2021-04-14,17.28.04,10,7,91,8,
2056,2021-04-14,19.28.04,10,2,92,5,
2057,2021-04-14,21.28.04,9,9,94,6,
2058,2021-04-14,23.28.04,9,4,95,5,
2059,2021-04-15,01.28.04,9,0,95,8,
2060,2021-04-15,03.28.04,9,7,95,9,
2061,2021-04-15,05.28.04,11,5,96,0,
2062,2021-04-15,07.28.04,12,7,95,1,
2063,2021-04-15,09.28.04,14,3,94,3,
2064,2021-04-15,11.28.04,13,1,89,0,
2065,2021-04-15,13.28.04,13,2,84,7,
2066,2021-04-15,15.28.04,11,8,89,6,
2067,2021-04-15,17.28.04,11,5,86,3,
2068,2021-04-15,19.28.04,9,2,93,2,
2069,2021-04-15,21.28.04,7,7,94,1,
2070,2021-04-15,23.28.04,6,8,94,5,
2071,2021-04-16,01.28.04,5,7,94,2,
2072,2021-04-16,03.28.04,4,9,94,6,
2073,2021-04-16,05.28.04,4,4,93,4,
2074,2021-04-16,07.28.04,3,7,93,4,
2075,2021-04-16,09.28.04,4,2,92,8,
2076,2021-04-16,11.28.04,5,4,91,1,
2077,2021-04-16,13.28.04,5,9,90,9,
2078,2021-04-16,15.28.04,6,0,91,2,
2079,2021-04-16,17.28.04,6,6,89,7,
2080,2021-04-16,19.28.04,5,5,91,1,
2081,2021-04-16,21.28.04,4,0,92,2,
2082,2021-04-16,23.28.04,3,5,93,6,
2083,2021-04-17,01.28.04,2,7,92,8,
2084,2021-04-17,03.28.04,4,0,88,8,
2085,2021-04-17,05.28.04,6,3,86,6,
2086,2021-04-17,07.28.04,9,0,79,0,
2087,2021-04-17,09.28.04,11,2,74,8,
2088,2021-04-17,11.28.04,13,6,69,2,
2089,2021-04-17,13.28.04,13,8,72,5,
2090,2021-04-17,15.28.04,12,7,78,4,
2091,2021-04-17,17.28.04,12,4,75,3,
2092,2021-04-17,19.28.04,9,6,91,5,
2093,2021-04-17,21.28.04,8,5,93,8,
2094,2021-04-17,23.28.04,6,5,94,4,
2095,2021-04-18,01.28.04,5,0,95,0,
2096,2021-04-18,03.28.04,4,8,95,4,
2097,2021-04-18,05.28.04,4,8,95,5,
2098,2021-04-18,07.28.04,5,2,95,7,
2099,2021-04-18,09.28.04,5,8,94,5,
2100,2021-04-18,11.28.04,4,7,93,8,
2101,2021-04-18,13.28.04,4,0,94,1,
2102,2021-04-18,15.28.04,4,2,94,0,
2103,2021-04-18,17.28.04,4,0,93,8,
2104,2021-04-18,19.28.04,3,8,94,3,
2105,2021-04-18,21.28.04,3,3,94,6,
2106,2021-04-18,23.28.04,2,8,94,5,
2107,2021-04-19,01.28.04,2,8,94,5,
2108,2021-04-19,03.28.04,3,2,94,7,
2109,2021-04-19,05.28.04,4,0,94,9,
2110,2021-04-19,07.28.04,5,3,91,7,
2111,2021-04-19,09.28.04,6,5,88,0,
2112,2021-04-19,11.28.04,7,1,85,6,
2113,2021-04-19,13.28.04,8,4,83,1,
2114,2021-04-19,15.28.04,8,4,81,4,
2115,2021-04-19,17.28.04,8,6,84,2,
2116,2021-04-19,19.28.04,7,3,83,3,
2117,2021-04-19,21.28.04,6,2,84,8,
2118,2021-04-19,23.28.04,5,1,87,6,
2119,2021-04-20,01.28.04,4,8,88,9,
2120,2021-04-20,03.28.04,5,6,88,3,
2121,2021-04-20,05.28.04,8,5,82,7,
2122,2021-04-20,07.28.04,7,3,85,1,
2123,2021-04-20,09.28.04,9,0,79,5,
2124,2021-04-20,11.28.04,10,4,66,8,
2125,2021-04-20,13.28.04,10,7,59,3,
2126,2021-04-20,15.28.04,10,2,56,9,
2127,2021-04-20,17.28.04,9,2,59,4,
2128,2021-04-20,19.28.04,7,2,61,6,
2129,2021-04-20,21.28.04,2,7,90,9,
2130,2021-04-20,23.28.04,1,7,93,7,
2131,2021-04-21,01.28.04,1,1,94,4,
2132,2021-04-21,03.28.04,1,1,95,0,
2133,2021-04-21,05.28.04,1,5,95,3,
2134,2021-04-21,07.28.04,3,3,95,3,
2135,2021-04-21,09.28.04,4,5,95,1,
2136,2021-04-21,11.28.04,6,3,95,0,
2137,2021-04-21,13.28.04,7,7,93,9,
2138,2021-04-21,15.28.04,8,8,92,7,
2139,2021-04-21,17.28.04,8,3,92,7,
2140,2021-04-21,19.28.04,8,0,94,1,
2141,2021-04-21,21.28.04,7,7,94,2,
2142,2021-04-21,23.28.04,7,0,94,6,
2143,2021-04-22,01.28.04,6,4,95,5,
2144,2021-04-22,03.28.04,6,7,94,3,
2145,2021-04-22,05.28.04,7,0,92,4,
2146,2021-04-22,07.28.04,7,1,88,2,
2147,2021-04-22,09.28.04,10,7,73,0,
2148,2021-04-22,11.28.04,12,8,65,4,
2149,2021-04-22,13.28.04,10,2,80,2,
2150,2021-04-22,15.28.04,10,3,63,0,
2151,2021-04-22,17.28.04,9,1,69,0,
2152,2021-04-22,19.28.04,7,7,65,6,
2153,2021-04-22,21.28.04,6,6,66,5,
2154,2021-04-22,23.28.04,4,8,69,1,
2155,2021-04-23,01.28.04,4,2,66,2,
2156,2021-04-23,03.28.04,4,7,74,6,
2157,2021-04-23,05.28.04,8,0,65,2,
2158,2021-04-23,07.28.04,11,1,54,4,
2159,2021-04-23,09.28.04,9,9,50,7,
2160,2021-04-23,11.28.04,9,4,57,0,
2161,2021-04-23,13.28.04,9,5,53,8,
2162,2021-04-23,15.28.04,8,4,51,8,
2163,2021-04-23,17.28.04,7,8,54,8,
2164,2021-04-23,19.28.04,7,0,56,1,
2165,2021-04-23,21.28.04,5,2,67,2,
2166,2021-04-23,23.28.04,3,4,68,0,
2167,2021-04-24,01.28.04,2,4,72,3,
2168,2021-04-24,03.28.04,3,8,74,7,
2169,2021-04-24,05.28.04,7,5,55,2,
2170,2021-04-24,07.28.04,11,3,43,8,
2171,2021-04-24,09.28.04,10,8,46,2,
2172,2021-04-24,11.28.04,11,6,48,1,
2173,2021-04-24,13.28.04,11,9,49,3,
2174,2021-04-24,15.28.04,12,2,50,6,
2175,2021-04-24,17.28.04,11,3,52,2,
2176,2021-04-24,19.28.04,10,0,59,5,
2177,2021-04-24,21.28.04,8,3,66,1,
2178,2021-04-24,23.28.04,7,0,71,8,
2179,2021-04-25,01.28.04,6,1,78,8,
2180,2021-04-25,03.28.04,7,6,77,1,
2181,2021-04-25,05.28.04,8,3,80,8,
2182,2021-04-25,07.28.04,8,0,88,3,
2183,2021-04-25,09.28.04,9,9,82,9,
2184,2021-04-25,11.28.04,10,4,79,8,
2185,2021-04-25,13.28.04,10,1,80,4,
2186,2021-04-25,15.28.04,10,6,78,2,
2187,2021-04-25,17.28.04,10,9,79,4,
2188,2021-04-25,19.28.04,9,9,79,1,
2189,2021-04-25,21.28.04,9,3,80,5,
2190,2021-04-25,23.28.04,8,7,81,9,
2191,2021-04-26,01.28.04,8,4,83,8,
2192,2021-04-26,03.28.04,8,8,84,2,
2193,2021-04-26,05.28.04,11,9,78,4,
2194,2021-04-26,07.28.04,18,4,56,2,
2195,2021-04-26,09.28.04,16,8,56,9,
2196,2021-04-26,11.28.04,18,0,50,9,
2197,2021-04-26,13.28.04,19,3,43,8,
2198,2021-04-26,15.28.04,18,5,46,7,
2199,2021-04-26,17.28.04,17,3,45,5,
2200,2021-04-26,19.28.04,17,0,46,6,
2201,2021-04-26,21.28.04,16,0,48,8,
2202,2021-04-26,23.28.04,14,9,50,3,
2203,2021-04-27,01.28.04,12,5,61,1,
2204,2021-04-27,03.28.04,12,0,70,9,
2205,2021-04-27,05.28.04,15,8,59,9,
2206,2021-04-27,07.28.04,21,4,43,4,
2207,2021-04-27,09.28.04,20,5,45,3,
2208,2021-04-27,11.28.04,20,7,41,7,
2209,2021-04-27,13.28.04,20,1,43,2,
2210,2021-04-27,15.28.04,19,5,39,5,
2211,2021-04-27,17.28.04,18,7,37,6,
2212,2021-04-27,19.28.04,18,2,41,2,
2213,2021-04-27,21.28.04,16,7,48,6,
2214,2021-04-27,23.28.04,15,8,51,0,
2215,2021-04-28,01.28.04,14,7,54,9,
2216,2021-04-28,03.28.04,16,2,58,1,
2217,2021-04-28,05.28.04,19,6,57,8,
2218,2021-04-28,07.28.04,25,2,41,1,
2219,2021-04-28,09.28.04,22,5,42,1,
2220,2021-04-28,11.28.04,22,5,39,8,
2221,2021-04-28,13.28.04,21,4,43,8,
2222,2021-04-28,15.28.04,20,9,44,3,
2223,2021-04-28,17.28.04,20,5,46,6,
2224,2021-04-28,19.28.04,18,8,51,5,
2225,2021-04-28,21.28.04,19,0,46,5,
2226,2021-04-28,23.28.04,17,4,52,0,
2227,2021-04-29,01.28.04,17,1,51,5,
2228,2021-04-29,03.28.04,17,2,61,7,
2229,2021-04-29,05.28.04,19,9,54,1,
2230,2021-04-29,07.28.04,27,3,41,9,
2231,2021-04-29,09.28.04,24,3,45,4,
2232,2021-04-29,11.28.04,24,4,37,6,
2233,2021-04-29,13.28.04,23,5,41,8,
2234,2021-04-29,15.28.04,22,4,38,4,
2235,2021-04-29,17.28.04,21,9,38,8,
2236,2021-04-29,19.28.04,19,7,42,8,
2237,2021-04-29,21.28.04,17,0,46,7,
2238,2021-04-29,23.28.04,16,8,41,1,
2239,2021-04-30,01.28.04,14,8,49,6,
2240,2021-04-30,03.28.04,16,8,48,8,
2241,2021-04-30,05.28.04,19,6,49,3,
2242,2021-04-30,07.28.04,25,9,42,5,
2243,2021-04-30,09.28.04,24,2,45,8,
2244,2021-04-30,11.28.04,24,8,42,3,
2245,2021-04-30,13.28.04,24,0,43,9,
2246,2021-04-30,15.28.04,22,7,44,0,
2247,2021-04-30,17.28.04,21,7,46,6,
2248,2021-04-30,19.28.04,20,2,52,4,
2249,2021-04-30,21.28.04,18,1,60,2,
2250,2021-04-30,23.28.04,17,5,64,3,
2251,2021-05-01,01.28.04,15,6,68,5,
2252,2021-05-01,03.28.04,16,6,69,4,
2253,2021-05-01,05.28.04,20,0,61,8,
2254,2021-05-01,07.28.04,25,9,47,3,
2255,2021-05-01,09.28.04,24,2,46,9,
2256,2021-05-01,11.28.04,24,7,43,7,
2257,2021-05-01,13.28.04,14,8,84,5,
2258,2021-05-01,15.28.04,18,5,65,7,
2259,2021-05-01,17.28.04,19,3,60,8,
2260,2021-05-01,19.28.04,18,7,65,9,
2261,2021-05-01,21.28.04,17,4,65,8,
2262,2021-05-01,23.28.04,14,8,65,0,
2263,2021-05-02,01.28.04,12,0,67,9,
2264,2021-05-02,03.28.04,12,1,65,6,
2265,2021-05-02,05.28.04,14,4,57,1,
2266,2021-05-02,07.28.04,19,0,49,8,
2267,2021-05-02,09.28.04,16,9,56,2,
2268,2021-05-02,11.28.04,17,8,55,9,
2269,2021-05-02,13.28.04,18,1,54,0,
2270,2021-05-02,15.28.04,17,5,47,4,
2271,2021-05-02,17.28.04,17,2,45,2,
2272,2021-05-02,19.28.04,15,7,55,1,
2273,2021-05-02,21.28.04,13,9,58,6,
2274,2021-05-02,23.28.04,12,0,61,1,
2275,2021-05-03,01.28.04,10,6,61,6,
2276,2021-05-03,03.28.04,11,9,61,4,
2277,2021-05-03,05.28.04,14,6,52,6,
2278,2021-05-03,07.28.04,16,0,50,2,
2279,2021-05-03,09.28.04,19,0,39,6,
2280,2021-05-03,11.28.04,18,9,37,7,
2281,2021-05-03,13.28.04,19,1,33,0,
2282,2021-05-03,15.28.04,18,5,35,7,
2283,2021-05-03,17.28.04,18,1,35,8,
2284,2021-05-03,19.28.04,17,2,40,1,
2285,2021-05-03,21.28.04,16,2,41,1,
2286,2021-05-03,23.28.04,14,8,47,8,
2287,2021-05-04,01.28.04,13,2,53,4,
2288,2021-05-04,03.28.04,14,4,66,0,
2289,2021-05-04,05.28.04,18,5,47,0,
2290,2021-05-04,07.28.04,25,0,35,6,
2291,2021-05-04,09.28.04,21,5,36,6,
2292,2021-05-04,11.28.04,21,9,36,5,
2293,2021-05-04,13.28.04,21,2,36,1,
2294,2021-05-04,15.28.04,20,4,37,3,
2295,2021-05-04,17.28.04,19,9,39,4,
2296,2021-05-04,19.28.04,19,0,41,2,
2297,2021-05-04,21.28.04,16,7,52,1,
2298,2021-05-04,23.28.04,15,0,57,1,
2299,2021-05-05,01.28.04,14,1,58,6,
2300,2021-05-05,03.28.04,16,1,57,1,
2301,2021-05-05,05.28.04,22,0,51,2,
2302,2021-05-05,07.28.04,28,1,35,9,
2303,2021-05-05,09.28.04,23,9,37,4,
2304,2021-05-05,11.28.04,23,1,34,4,
2305,2021-05-05,13.28.04,22,1,34,0,
2306,2021-05-05,15.28.04,21,5,36,5,
2307,2021-05-05,17.28.04,20,9,35,2,
2308,2021-05-05,19.28.04,19,9,40,1,
2309,2021-05-05,21.28.04,18,8,43,6,
2310,2021-05-05,23.28.04,16,2,57,0,
2311,2021-05-06,01.28.04,15,0,66,3,
2312,2021-05-06,03.28.04,17,0,63,6,
2313,2021-05-06,05.28.04,22,1,49,4,
2314,2021-05-06,07.28.04,27,7,35,7,
2315,2021-05-06,09.28.04,24,6,39,5,
2316,2021-05-06,11.28.04,24,2,37,5,
2317,2021-05-06,13.28.04,23,3,36,7,
2318,2021-05-06,15.28.04,22,5,42,5,
2319,2021-05-06,17.28.04,20,9,40,1,
2320,2021-05-06,19.28.04,19,4,43,9,
2321,2021-05-06,21.28.04,18,0,51,0,
2322,2021-05-06,23.28.04,16,2,56,5,
2323,2021-05-07,01.28.04,14,9,62,7,
2324,2021-05-07,03.28.04,16,3,66,3,
2325,2021-05-07,05.28.04,20,2,57,9,
2326,2021-05-07,07.28.04,18,1,68,9,
2327,2021-05-07,09.28.04,20,1,61,4,
2328,2021-05-07,11.28.04,21,1,57,0,
2329,2021-05-07,13.28.04,20,2,60,6,
2330,2021-05-07,15.28.04,19,9,60,1,
2331,2021-05-07,17.28.04,18,9,63,5,
2332,2021-05-07,19.28.04,16,6,73,4,
2333,2021-05-07,21.28.04,14,7,85,6,
2334,2021-05-07,23.28.04,14,3,85,5,
2335,2021-05-08,01.28.04,13,5,89,0,
2336,2021-05-08,03.28.04,14,1,89,6,
2337,2021-05-08,05.28.04,15,8,86,8,
2338,2021-05-08,07.28.04,14,5,90,3,
2339,2021-05-08,09.28.04,13,6,93,8,
2340,2021-05-08,11.28.04,12,8,94,0,
2341,2021-05-08,13.28.04,13,9,93,6,
2342,2021-05-08,15.28.04,14,0,92,6,
2343,2021-05-08,17.28.04,13,8,84,1,
2344,2021-05-08,19.28.04,12,7,74,4,
2345,2021-05-08,21.28.04,10,6,79,2,
2346,2021-05-08,23.28.04,9,9,78,7,
2347,2021-05-09,01.28.04,9,8,79,2,
2348,2021-05-09,03.28.04,9,4,82,8,
2349,2021-05-09,05.28.04,13,2,74,5,
2350,2021-05-09,07.28.04,16,1,58,1,
2351,2021-05-09,09.28.04,14,8,61,4,
2352,2021-05-09,11.28.04,16,8,62,5,
2353,2021-05-09,13.28.04,17,7,60,6,
2354,2021-05-09,15.28.04,17,6,61,8,
2355,2021-05-09,17.28.04,17,5,64,8,
2356,2021-05-09,19.28.04,16,1,67,6,
2357,2021-05-09,21.28.04,14,7,77,3,
2358,2021-05-09,23.28.04,12,7,86,2,
2359,2021-05-10,01.28.04,11,6,92,3,
2360,2021-05-10,03.28.04,11,6,93,6,
2361,2021-05-10,05.28.04,11,6,93,3,
2362,2021-05-10,07.28.04,12,3,88,1,
2363,2021-05-10,09.28.04,11,0,87,7,
2364,2021-05-10,11.28.04,13,0,81,5,
2365,2021-05-10,13.28.04,13,7,78,8,
2366,2021-05-10,15.28.04,14,5,63,6,
2367,2021-05-10,17.28.04,13,5,66,8,
2368,2021-05-10,19.28.04,12,5,70,7,
2369,2021-05-10,21.28.04,9,8,82,5,
2370,2021-05-10,23.28.04,8,6,84,8,
2371,2021-05-11,01.28.04,9,0,83,1,
2372,2021-05-11,03.28.04,10,1,80,9,
2373,2021-05-11,05.28.04,14,7,67,4,
2374,2021-05-11,07.28.04,15,1,64,3,
2375,2021-05-11,09.28.04,14,9,60,3,
2376,2021-05-11,11.28.04,14,0,60,1,
2377,2021-05-11,13.28.04,15,2,58,9,
2378,2021-05-11,15.28.04,13,1,53,2,
2379,2021-05-11,17.28.04,12,3,61,4,
2380,2021-05-11,19.28.04,11,3,68,2,
2381,2021-05-11,21.28.04,9,3,70,2,
2382,2021-05-11,23.28.04,9,4,72,8,
2383,2021-05-12,01.28.04,9,5,73,0,
2384,2021-05-12,03.28.04,10,3,71,9,
2385,2021-05-12,05.28.04,14,7,50,0,
2386,2021-05-12,07.28.04,14,1,55,7,
2387,2021-05-12,09.28.04,16,5,51,8,
2388,2021-05-12,11.28.04,18,2,55,9,
2389,2021-05-12,13.28.04,19,2,61,7,
2390,2021-05-12,15.28.04,19,9,58,9,
2391,2021-05-12,17.28.04,19,7,61,3,
2392,2021-05-12,19.28.04,17,9,67,2,
2393,2021-05-12,21.28.04,16,2,73,4,
2394,2021-05-12,23.28.04,14,7,78,5,
2395,2021-05-13,01.28.04,13,7,82,0,
2396,2021-05-13,03.28.04,15,2,77,6,
2397,2021-05-13,05.28.04,19,3,60,0,
2398,2021-05-13,07.28.04,22,6,51,7,
2399,2021-05-13,09.28.04,22,3,55,2,
2400,2021-05-13,11.28.04,23,7,53,4,
2401,2021-05-13,13.28.04,23,3,50,1,
2402,2021-05-13,15.28.04,22,3,45,8,
2403,2021-05-13,17.28.04,21,9,48,7,
2404,2021-05-13,19.28.04,21,2,60,1,
2405,2021-05-13,21.28.04,21,1,68,3,
2406,2021-05-13,23.28.04,20,8,71,9,
2407,2021-05-14,01.28.04,18,2,84,2,
2408,2021-05-14,03.28.04,18,3,85,0,
2409,2021-05-14,05.28.04,16,9,81,6,
2410,2021-05-14,07.28.04,22,1,62,7,
2411,2021-05-14,09.28.04,19,3,66,2,
2412,2021-05-14,11.28.04,20,0,61,1,
2413,2021-05-14,13.28.04,20,0,49,7,
2414,2021-05-14,15.28.04,20,5,57,4,
2415,2021-05-14,17.28.04,20,3,65,8,
2416,2021-05-14,19.28.04,19,0,73,6,
2417,2021-05-14,21.28.04,18,4,81,3,
2418,2021-05-14,23.28.04,18,0,83,9,
2419,2021-05-15,01.28.04,16,3,88,1,
2420,2021-05-15,03.28.04,18,0,83,8,
2421,2021-05-15,05.28.04,22,1,74,8,
2422,2021-05-15,07.28.04,27,7,57,8,
2423,2021-05-15,09.28.04,26,9,60,9,
2424,2021-05-15,11.28.04,27,7,57,1,
2425,2021-05-15,13.28.04,28,0,51,3,
2426,2021-05-15,15.28.04,27,4,54,6,
2427,2021-05-15,17.28.04,25,2,65,1,
2428,2021-05-15,19.28.04,24,4,69,2,
2429,2021-05-15,21.28.04,23,0,72,8,
2430,2021-05-15,23.28.04,20,6,83,9,
2431,2021-05-16,01.28.04,19,2,86,0,
2432,2021-05-16,03.28.04,19,4,85,0,
2433,2021-05-16,05.28.04,24,0,73,3,
2434,2021-05-16,07.28.04,29,8,55,7,
2435,2021-05-16,09.28.04,28,6,58,7,
2436,2021-05-16,11.28.04,29,2,51,8,
2437,2021-05-16,13.28.04,28,8,53,4,
2438,2021-05-16,15.28.04,27,0,58,5,
2439,2021-05-16,17.28.04,24,9,67,7,
2440,2021-05-16,19.28.04,23,8,74,4,
2441,2021-05-16,21.28.04,22,7,78,8,
2442,2021-05-16,23.28.04,21,8,80,6,
2443,2021-05-17,01.28.04,20,9,83,1,
2444,2021-05-17,03.28.04,21,0,82,9,
2445,2021-05-17,05.28.04,24,6,75,5,
2446,2021-05-17,07.28.04,30,8,55,3,
2447,2021-05-17,09.28.04,29,9,57,7,
2448,2021-05-17,11.28.04,30,0,60,9,
2449,2021-05-17,13.28.04,30,0,53,8,
2450,2021-05-17,15.28.04,28,8,53,0,
2451,2021-05-17,17.28.04,27,7,55,8,
2452,2021-05-17,19.28.04,21,2,74,3,
2453,2021-05-17,21.28.04,20,6,76,2,
2454,2021-05-17,23.28.04,19,6,79,3,
2455,2021-05-18,01.28.04,18,4,87,5,
2456,2021-05-18,03.28.04,17,4,91,9,
2457,2021-05-18,05.28.04,20,5,84,3,
2458,2021-05-18,07.28.04,25,6,71,6,
2459,2021-05-18,09.28.04,24,8,75,5,
2460,2021-05-18,11.28.04,26,3,64,9,
2461,2021-05-18,13.28.04,26,8,66,1,
2462,2021-05-18,15.28.04,24,4,82,4,
2463,2021-05-18,17.28.04,21,0,84,2,
2464,2021-05-18,19.28.04,17,6,93,9,
2465,2021-05-18,21.28.04,17,3,94,5,
2466,2021-05-18,23.28.04,17,5,95,0,
2467,2021-05-19,01.28.04,17,6,95,3,
2468,2021-05-19,03.28.04,17,8,95,5,
2469,2021-05-19,05.28.04,18,6,95,5,
2470,2021-05-19,07.28.04,20,3,95,1,
2471,2021-05-19,09.28.04,19,5,94,4,
2472,2021-05-19,11.28.04,19,6,93,2,
2473,2021-05-19,13.28.04,18,5,93,7,
2474,2021-05-19,15.28.04,18,9,85,4,
2475,2021-05-19,17.28.04,17,9,83,1,
2476,2021-05-19,19.28.04,17,2,82,5,
2477,2021-05-19,21.28.04,16,5,79,4,
2478,2021-05-19,23.28.04,15,5,82,9,
2479,2021-05-20,01.28.04,15,6,82,8,
2480,2021-05-20,03.28.04,15,8,87,4,
2481,2021-05-20,05.28.04,19,4,75,2,
2482,2021-05-20,07.28.04,23,9,49,1,
2483,2021-05-20,09.28.04,21,8,57,3,
2484,2021-05-20,11.28.04,22,5,55,7,
2485,2021-05-20,13.28.04,22,5,57,2,
2486,2021-05-20,15.28.04,21,9,59,8,
2487,2021-05-20,17.28.04,21,8,65,4,
2488,2021-05-20,19.28.04,20,9,66,8,
2489,2021-05-20,21.28.04,20,3,68,5,
2490,2021-05-20,23.28.04,19,7,72,9,
2491,2021-05-21,01.28.04,18,9,83,4,
2492,2021-05-21,03.28.04,18,4,84,6,
2493,2021-05-21,05.28.04,17,8,89,7,
2494,2021-05-21,07.28.04,23,0,72,6,
2495,2021-05-21,09.28.04,23,5,63,9,
2496,2021-05-21,11.28.04,24,1,60,5,
2497,2021-05-21,13.28.04,23,4,59,2,
2498,2021-05-21,15.28.04,23,6,55,6,
2499,2021-05-21,17.28.04,22,9,58,3,
2500,2021-05-21,19.28.04,21,8,60,9,
2501,2021-05-21,21.28.04,21,0,67,4,
2502,2021-05-21,23.28.04,18,0,83,3,
2503,2021-05-22,01.28.04,18,2,87,8,
2504,2021-05-22,03.28.04,19,0,87,9,
2505,2021-05-22,05.28.04,23,0,80,4,
2506,2021-05-22,07.28.04,23,8,70,4,
2507,2021-05-22,09.28.04,25,1,66,2,
2508,2021-05-22,11.28.04,24,2,69,5,
2509,2021-05-22,13.28.04,20,0,83,1,
2510,2021-05-22,15.28.04,20,4,83,4,
2511,2021-05-22,17.28.04,21,5,77,8,
2512,2021-05-22,19.28.04,19,8,71,8,
2513,2021-05-22,21.28.04,17,9,72,7,
2514,2021-05-22,23.28.04,16,8,78,2,
2515,2021-05-23,01.28.04,15,9,76,0,
2516,2021-05-23,03.28.04,16,1,78,4,
2517,2021-05-23,05.28.04,20,4,56,3,
2518,2021-05-23,07.28.04,25,1,45,5,
2519,2021-05-23,09.28.04,21,1,53,9,
2520,2021-05-23,11.28.04,21,0,52,1,
2521,2021-05-23,13.28.04,20,7,48,6,
2522,2021-05-23,15.28.04,19,9,51,9,
2523,2021-05-23,17.28.04,19,6,54,7,
2524,2021-05-23,19.28.04,19,1,56,1,
2525,2021-05-23,21.28.04,18,0,59,4,
2526,2021-05-23,23.28.04,17,0,63,9,
2527,2021-05-24,01.28.04,15,3,72,5,
2528,2021-05-24,03.28.04,15,6,75,6,
2529,2021-05-24,05.28.04,20,0,61,0,
2530,2021-05-24,07.28.04,24,0,51,1,
2531,2021-05-24,09.28.04,22,1,51,3,
2532,2021-05-24,11.28.04,22,4,42,0,
2533,2021-05-24,13.28.04,22,0,40,5,
2534,2021-05-24,15.28.04,21,8,44,4,
2535,2021-05-24,17.28.04,21,5,49,9,
2536,2021-05-24,19.28.04,20,7,56,1,
2537,2021-05-24,21.28.04,18,6,65,0,
2538,2021-05-24,23.28.04,15,6,70,4,
2539,2021-05-25,01.28.04,14,0,75,1,
2540,2021-05-25,03.28.04,15,0,77,0,
2541,2021-05-25,05.28.04,19,4,63,2,
2542,2021-05-25,07.28.04,22,6,52,1,
2543,2021-05-25,09.28.04,21,7,55,6,
2544,2021-05-25,11.28.04,21,9,54,5,
2545,2021-05-25,13.28.04,21,8,56,0,
2546,2021-05-25,15.28.04,20,8,58,1,
2547,2021-05-25,17.28.04,18,6,62,0,
2548,2021-05-25,19.28.04,16,5,72,6,
2549,2021-05-25,21.28.04,14,9,77,0,
2550,2021-05-25,23.28.04,12,9,81,4,
2551,2021-05-26,01.28.04,12,5,82,0,
2552,2021-05-26,03.28.04,13,0,81,1,
2553,2021-05-26,05.28.04,13,1,81,1,
2554,2021-05-26,07.28.04,14,7,78,7,
2555,2021-05-26,09.28.04,17,0,71,0,
2556,2021-05-26,11.28.04,17,9,66,8,
2557,2021-05-26,13.28.04,18,7,63,2,
2558,2021-05-26,15.28.04,18,9,65,3,
2559,2021-05-26,17.28.04,18,2,66,1,
2560,2021-05-26,19.28.04,16,9,71,4,
2561,2021-05-26,21.28.04,16,2,71,5,
2562,2021-05-26,23.28.04,15,7,74,0,
2563,2021-05-27,01.28.04,15,1,77,4,
2564,2021-05-27,03.28.04,15,2,83,8,
2565,2021-05-27,05.28.04,20,1,62,4,
2566,2021-05-27,07.28.04,23,9,47,4,
2567,2021-05-27,09.28.04,22,1,50,5,
2568,2021-05-27,11.28.04,22,6,49,0,
2569,2021-05-27,13.28.04,22,4,50,0,
2570,2021-05-27,15.28.04,22,0,50,0,
2571,2021-05-27,17.28.04,21,8,52,5,
2572,2021-05-27,19.28.04,21,2,56,1,
2573,2021-05-27,21.28.04,20,3,59,4,
2574,2021-05-27,23.28.04,19,4,58,2,
2575,2021-05-28,01.28.04,18,8,64,1,
2576,2021-05-28,03.28.04,19,4,72,7,
2577,2021-05-28,05.28.04,24,3,52,1,
2578,2021-05-28,07.28.04,28,5,39,7,
2579,2021-05-28,09.28.04,27,2,43,5,
2580,2021-05-28,11.28.04,26,8,44,1,
2581,2021-05-28,13.28.04,26,9,46,9,
2582,2021-05-28,15.28.04,26,2,44,5,
2583,2021-05-28,17.28.04,25,3,45,3,
2584,2021-05-28,19.28.04,24,1,51,1,
2585,2021-05-28,21.28.04,21,6,63,3,
2586,2021-05-28,23.28.04,21,0,67,0,
2587,2021-05-29,01.28.04,19,9,69,3,
2588,2021-05-29,03.28.04,21,0,68,1,
2589,2021-05-29,05.28.04,26,3,57,3,
2590,2021-05-29,07.28.04,30,4,45,3,
2591,2021-05-29,09.28.04,27,4,44,1,
2592,2021-05-29,11.28.04,27,0,42,0,
2593,2021-05-29,13.28.04,26,2,44,9,
2594,2021-05-29,15.28.04,25,5,47,3,
2595,2021-05-29,17.28.04,24,9,49,9,
2596,2021-05-29,19.28.04,23,8,54,8,
2597,2021-05-29,21.28.04,22,2,56,9,
2598,2021-05-29,23.28.04,20,9,57,9,
2599,2021-05-30,01.28.04,21,1,58,8,
2600,2021-05-30,03.28.04,21,4,58,5,
2601,2021-05-30,05.28.04,25,1,61,2,
2602,2021-05-30,07.28.04,30,1,45,3,
2603,2021-05-30,09.28.04,28,6,44,0,
2604,2021-05-30,11.28.04,27,9,46,3,
2605,2021-05-30,13.28.04,28,0,38,3,
2606,2021-05-30,15.28.04,27,2,44,4,
2607,2021-05-30,17.28.04,25,6,46,2,
2608,2021-05-30,19.28.04,24,4,57,3,
2609,2021-05-30,21.28.04,21,6,61,1,
2610,2021-05-30,23.28.04,20,5,52,4,
2611,2021-05-31,01.28.04,18,0,63,2,
2612,2021-05-31,03.28.04,19,0,64,9,
2613,2021-05-31,05.28.04,23,9,59,4,
2614,2021-05-31,07.28.04,26,0,57,2,
2615,2021-05-31,09.28.04,26,0,54,8,
2616,2021-05-31,11.28.04,26,2,49,1,
2617,2021-05-31,13.28.04,25,9,44,8,
2618,2021-05-31,15.28.04,25,1,45,5,
2619,2021-05-31,17.28.04,24,1,44,5,
2620,2021-05-31,19.28.04,22,8,52,5,
2621,2021-05-31,21.28.04,21,1,59,8,
2622,2021-05-31,23.28.04,20,0,66,6,
2623,2021-06-01,01.28.04,19,6,72,6,
2624,2021-06-01,03.28.04,19,4,74,9,
2625,2021-06-01,05.28.04,24,9,60,7,
2626,2021-06-01,07.28.04,24,6,64,6,
2627,2021-06-01,09.28.04,25,9,64,6,
2628,2021-06-01,11.28.04,26,5,63,6,
2629,2021-06-01,13.28.04,25,9,66,0,
2630,2021-06-01,15.28.04,25,0,68,7,
2631,2021-06-01,17.28.04,24,5,66,0,
2632,2021-06-01,19.28.04,23,2,76,6,
2633,2021-06-01,21.28.04,21,4,82,0,
2634,2021-06-01,23.28.04,20,3,84,6,
2635,2021-06-02,01.28.04,19,8,86,3,
2636,2021-06-02,03.28.04,20,3,86,2,
2637,2021-06-02,05.28.04,24,4,74,9,
2638,2021-06-02,07.28.04,28,0,62,5,
2639,2021-06-02,09.28.04,23,9,71,0,
2640,2021-06-02,11.28.04,23,9,79,5,
2641,2021-06-02,13.28.04,23,3,78,5,
2642,2021-06-02,15.28.04,21,7,90,2,
2643,2021-06-02,17.28.04,21,4,65,4,
2644,2021-06-02,19.28.04,19,8,76,6,
2645,2021-06-02,21.28.04,18,1,82,2,
2646,2021-06-02,23.28.04,17,8,81,7,
2647,2021-06-03,01.28.04,16,2,78,7,
2648,2021-06-03,03.28.04,17,1,78,3,
2649,2021-06-03,05.28.04,21,0,71,0,
2650,2021-06-03,07.28.04,25,9,53,6,
2651,2021-06-03,09.28.04,24,9,53,3,
2652,2021-06-03,11.28.04,25,2,52,1,
2653,2021-06-03,13.28.04,25,3,47,4,
2654,2021-06-03,15.28.04,25,0,49,2,
2655,2021-06-03,17.28.04,24,3,49,9,
2656,2021-06-03,19.28.04,23,7,55,8,
2657,2021-06-03,21.28.04,22,8,58,0,
2658,2021-06-03,23.28.04,20,8,60,8,
2659,2021-06-04,01.28.04,19,4,64,1,
2660,2021-06-04,03.28.04,19,9,70,8,
2661,2021-06-04,05.28.04,24,2,55,4,
2662,2021-06-04,07.28.04,25,5,57,8,
2663,2021-06-04,09.28.04,27,1,52,3,
2664,2021-06-04,11.28.04,27,5,51,2,
2665,2021-06-04,13.28.04,26,5,50,7,
2666,2021-06-04,15.28.04,26,0,38,7,
2667,2021-06-04,17.28.04,25,8,43,8,
2668,2021-06-04,19.28.04,24,6,47,4,
2669,2021-06-04,21.28.04,23,7,52,8,
2670,2021-06-04,23.28.04,22,8,66,8,
2671,2021-06-05,01.28.04,21,6,75,6,
2672,2021-06-05,03.28.04,22,1,79,2,
2673,2021-06-05,05.28.04,26,8,67,5,
2674,2021-06-05,07.28.04,32,5,52,9,
2675,2021-06-05,09.28.04,30,1,55,5,
2676,2021-06-05,11.28.04,30,4,45,5,
2677,2021-06-05,13.28.04,30,0,41,2,
2678,2021-06-05,15.28.04,28,6,44,7,
2679,2021-06-05,17.28.04,27,2,49,8,
2680,2021-06-05,19.28.04,25,5,59,6,
2681,2021-06-05,21.28.04,23,2,70,3,
2682,2021-06-05,23.28.04,20,9,71,7,
2683,2021-06-06,01.28.04,19,1,78,9,
2684,2021-06-06,03.28.04,20,3,81,7,
2685,2021-06-06,05.28.04,21,4,73,7,
2686,2021-06-06,07.28.04,27,3,54,0,
2687,2021-06-06,09.28.04,24,5,57,5,
2688,2021-06-06,11.28.04,25,4,56,1,
2689,2021-06-06,13.28.04,24,7,56,7,
2690,2021-06-06,15.28.04,25,0,54,7,
2691,2021-06-06,17.28.04,24,4,53,6,
2692,2021-06-06,19.28.04,23,4,56,3,
2693,2021-06-06,21.28.04,21,0,64,3,
2694,2021-06-06,23.28.04,20,9,71,6,
2695,2021-06-07,01.28.04,19,4,73,4,
2696,2021-06-07,03.28.04,19,7,70,6,
2697,2021-06-07,05.28.04,22,9,56,7,
2698,2021-06-07,07.28.04,29,2,38,6,
2699,2021-06-07,09.28.04,26,7,39,8,
2700,2021-06-07,11.28.04,26,8,41,0,
2701,2021-06-07,13.28.04,26,6,44,0,
2702,2021-06-07,15.28.04,26,1,44,0,
2703,2021-06-07,17.28.04,25,7,44,1,
2704,2021-06-07,19.28.04,24,6,48,4,
2705,2021-06-07,21.28.04,23,4,51,7,
2706,2021-06-07,23.28.04,22,5,61,3,
2707,2021-06-08,01.28.04,21,5,64,1,
2708,2021-06-08,03.28.04,22,0,71,5,
2709,2021-06-08,05.28.04,27,2,59,9,
2710,2021-06-08,07.28.04,31,6,46,5,
2711,2021-06-08,09.28.04,28,5,50,5,
2712,2021-06-08,11.28.04,28,2,48,0,
2713,2021-06-08,13.28.04,27,5,49,3,
2714,2021-06-08,15.28.04,26,7,46,7,
2715,2021-06-08,17.28.04,25,7,46,6,
2716,2021-06-08,19.28.04,25,2,45,2,
2717,2021-06-08,21.28.04,24,0,44,0,
2718,2021-06-08,23.28.04,21,6,61,6,
2719,2021-06-09,01.28.04,20,5,64,7,
2720,2021-06-09,03.28.04,20,9,65,6,
2721,2021-06-09,05.28.04,24,0,52,4,
2722,2021-06-09,07.28.04,30,4,45,9,
2723,2021-06-09,09.28.04,28,4,48,9,
2724,2021-06-09,11.28.04,28,9,40,1,
2725,2021-06-09,13.28.04,28,3,41,6,
2726,2021-06-09,15.28.04,28,2,43,3,
2727,2021-06-09,17.28.04,27,6,44,0,
2728,2021-06-09,19.28.04,24,2,71,1,
2729,2021-06-09,21.28.04,20,0,85,0,
2730,2021-06-09,23.28.04,19,9,81,7,
2731,2021-06-10,01.28.04,19,6,87,0,
2732,2021-06-10,03.28.04,18,3,87,4,
2733,2021-06-10,05.28.04,21,3,67,2,
2734,2021-06-10,07.28.04,26,0,44,3,
2735,2021-06-10,09.28.04,21,3,51,6,
2736,2021-06-10,11.28.04,21,3,49,7,
2737,2021-06-10,13.28.04,20,9,47,9,
2738,2021-06-10,15.28.04,20,1,48,8,
2739,2021-06-10,17.28.04,19,2,51,2,
2740,2021-06-10,19.28.04,17,8,53,5,
2741,2021-06-10,21.28.04,15,8,58,9,
2742,2021-06-10,23.28.04,14,5,63,6,
2743,2021-06-11,01.28.04,13,5,70,0,
2744,2021-06-11,03.28.04,14,7,72,9,
2745,2021-06-11,05.28.04,19,4,59,5,
2746,2021-06-11,07.28.04,24,5,47,4,
2747,2021-06-11,09.28.04,23,2,50,6,
2748,2021-06-11,11.28.04,23,6,49,4,
2749,2021-06-11,13.28.04,23,5,49,9,
2750,2021-06-11,15.28.04,23,0,50,8,
2751,2021-06-11,17.28.04,21,7,53,3,
2752,2021-06-11,19.28.04,20,5,57,6,
2753,2021-06-11,21.28.04,19,2,66,8,
2754,2021-06-11,23.28.04,17,5,73,5,
2755,2021-06-12,01.28.04,16,4,78,6,
2756,2021-06-12,03.28.04,17,9,76,6,
2757,2021-06-12,05.28.04,23,1,62,7,
2758,2021-06-12,07.28.04,24,9,57,8,
2759,2021-06-12,09.28.04,23,3,57,9,
2760,2021-06-12,11.28.04,16,0,93,3,
2761,2021-06-12,13.28.04,16,6,94,7,
2762,2021-06-12,15.28.04,15,1,94,5,
2763,2021-06-12,17.28.04,15,0,92,8,
2764,2021-06-12,19.28.04,14,3,77,1,
2765,2021-06-12,21.28.04,12,9,79,2,
2766,2021-06-12,23.28.04,11,9,83,3,
2767,2021-06-13,01.28.04,11,4,86,7,
2768,2021-06-13,03.28.04,12,2,86,0,
2769,2021-06-13,05.28.04,18,7,66,7,
2770,2021-06-13,07.28.04,21,9,55,3,
2771,2021-06-13,09.28.04,18,9,62,1,
2772,2021-06-13,11.28.04,18,5,57,1,
2773,2021-06-13,13.28.04,17,6,59,7,
2774,2021-06-13,15.28.04,16,7,63,3,
2775,2021-06-13,17.28.04,16,3,62,0,
2776,2021-06-13,19.28.04,14,9,67,0,
2777,2021-06-13,21.28.04,13,4,73,3,
2778,2021-06-13,23.28.04,12,0,77,9,
2779,2021-06-14,01.28.04,11,8,81,0,
2780,2021-06-14,03.28.04,12,5,79,5,
2781,2021-06-14,05.28.04,13,1,80,9,
2782,2021-06-14,07.28.04,15,9,68,6,
2783,2021-06-14,09.28.04,13,7,89,2,
2784,2021-06-14,11.28.04,15,5,71,1,
2785,2021-06-14,13.28.04,13,7,86,6,
2786,2021-06-14,15.28.04,15,8,66,5,
2787,2021-06-14,17.28.04,14,5,60,1,
2788,2021-06-14,19.28.04,13,0,60,9,
2789,2021-06-14,21.28.04,11,4,68,6,
2790,2021-06-14,23.28.04,10,5,75,3,
2791,2021-06-15,01.28.04,9,1,82,9,
2792,2021-06-15,03.28.04,9,3,83,5,
2793,2021-06-15,05.28.04,15,4,60,4,
2794,2021-06-15,07.28.04,19,7,46,4,
2795,2021-06-15,09.28.04,15,7,49,9,
2796,2021-06-15,11.28.04,16,1,47,8,
2797,2021-06-15,13.28.04,15,6,49,0,
2798,2021-06-15,15.28.04,15,8,54,3,
2799,2021-06-15,17.28.04,14,8,55,8,
2800,2021-06-15,19.28.04,14,2,57,8,
2801,2021-06-15,21.28.04,13,7,57,7,
2802,2021-06-15,23.28.04,13,2,65,4,
2803,2021-06-16,01.28.04,12,4,74,8,
2804,2021-06-16,03.28.04,12,9,79,7,
2805,2021-06-16,05.28.04,13,1,81,1,
2806,2021-06-16,07.28.04,13,7,78,8,
2807,2021-06-16,09.28.04,14,5,79,1,
2808,2021-06-16,11.28.04,15,8,70,6,
2809,2021-06-16,13.28.04,15,8,71,4,
2810,2021-06-16,15.28.04,16,0,66,4,
2811,2021-06-16,17.28.04,14,5,77,6,
2812,2021-06-16,19.28.04,13,2,80,8,
2813,2021-06-16,21.28.04,12,3,82,5,
2814,2021-06-16,23.28.04,12,1,84,6,
2815,2021-06-17,01.28.04,11,3,86,2,
2816,2021-06-17,03.28.04,11,7,84,8,
2817,2021-06-17,05.28.04,12,9,73,7,
2818,2021-06-17,07.28.04,20,1,45,7,
2819,2021-06-17,09.28.04,16,2,54,9,
2820,2021-06-17,11.28.04,15,7,55,4,
2821,2021-06-17,13.28.04,15,1,56,4,
2822,2021-06-17,15.28.04,14,7,59,8,
2823,2021-06-17,17.28.04,13,9,58,9,
2824,2021-06-17,19.28.04,11,9,65,2,
2825,2021-06-17,21.28.04,10,7,72,1,
2826,2021-06-17,23.28.04,10,3,75,9,
2827,2021-06-18,01.28.04,10,2,80,8,
2828,2021-06-18,03.28.04,10,3,81,8,
2829,2021-06-18,05.28.04,11,3,81,4,
2830,2021-06-18,07.28.04,21,6,51,0,
2831,2021-06-18,09.28.04,17,5,56,0,
2832,2021-06-18,11.28.04,17,9,50,0,
2833,2021-06-18,13.28.04,17,9,51,6,
2834,2021-06-18,15.28.04,18,0,51,7,
2835,2021-06-18,17.28.04,18,2,53,3,
2836,2021-06-18,19.28.04,16,9,56,5,
2837,2021-06-18,21.28.04,15,5,57,3,
2838,2021-06-18,23.28.04,14,3,61,9,
2839,2021-06-19,01.28.04,13,5,62,6,
2840,2021-06-19,03.28.04,13,5,72,5,
2841,2021-06-19,05.28.04,13,7,77,5,
2842,2021-06-19,07.28.04,16,7,70,6,
2843,2021-06-19,09.28.04,20,6,56,7,
2844,2021-06-19,11.28.04,21,6,55,9,
2845,2021-06-19,13.28.04,21,7,54,9,
2846,2021-06-19,15.28.04,21,6,55,6,
2847,2021-06-19,17.28.04,21,1,56,8,
2848,2021-06-19,19.28.04,20,0,61,9,
2849,2021-06-19,21.28.04,19,1,64,1,
2850,2021-06-19,23.28.04,18,5,66,4,
2851,2021-06-20,01.28.04,17,3,70,3,
2852,2021-06-20,03.28.04,17,3,73,4,
2853,2021-06-20,05.28.04,21,5,63,9,
2854,2021-06-20,07.28.04,26,9,53,1,
2855,2021-06-20,09.28.04,26,0,53,3,
2856,2021-06-20,11.28.04,26,5,49,0,
2857,2021-06-20,13.28.04,26,5,47,2,
2858,2021-06-20,15.28.04,23,0,60,6,
2859,2021-06-20,17.28.04,19,2,92,7,
2860,2021-06-20,19.28.04,18,0,90,7,
2861,2021-06-20,21.28.04,17,5,84,8,
2862,2021-06-20,23.28.04,17,8,79,8,
2863,2021-06-21,01.28.04,16,7,82,7,
2864,2021-06-21,03.28.04,17,6,83,9,
2865,2021-06-21,05.28.04,19,9,83,1,
2866,2021-06-21,07.28.04,24,9,64,1,
2867,2021-06-21,09.28.04,23,2,68,4,
2868,2021-06-21,11.28.04,24,9,58,1,
2869,2021-06-21,13.28.04,23,7,61,1,
2870,2021-06-21,15.28.04,24,4,56,0,
2871,2021-06-21,17.28.04,23,5,60,0,
2872,2021-06-21,19.28.04,22,4,59,9,
2873,2021-06-21,21.28.04,21,0,65,7,
2874,2021-06-21,23.28.04,18,9,72,7,
2875,2021-06-22,01.28.04,18,1,77,6,
2876,2021-06-22,03.28.04,17,9,82,2,
2877,2021-06-22,05.28.04,19,8,78,7,
2878,2021-06-22,07.28.04,26,0,59,8,
2879,2021-06-22,09.28.04,24,9,58,1,
2880,2021-06-22,11.28.04,25,2,51,2,
2881,2021-06-22,13.28.04,24,8,50,1,
2882,2021-06-22,15.28.04,24,9,45,7,
2883,2021-06-22,17.28.04,24,5,55,2,
2884,2021-06-22,19.28.04,22,1,62,5,
2885,2021-06-22,21.28.04,20,3,68,6,
2886,2021-06-22,23.28.04,19,0,78,8,
2887,2021-06-23,01.28.04,18,8,83,5,
2888,2021-06-23,03.28.04,18,1,85,3,
2889,2021-06-23,05.28.04,18,2,87,3,
2890,2021-06-23,07.28.04,19,1,86,6,
2891,2021-06-23,09.28.04,17,5,92,6,
2892,2021-06-23,11.28.04,17,8,93,0,
2893,2021-06-23,13.28.04,17,4,92,5,
2894,2021-06-23,15.28.04,17,1,94,5,
2895,2021-06-23,17.28.04,16,5,94,5,
2896,2021-06-23,19.28.04,16,3,95,0,
2897,2021-06-23,21.28.04,16,1,95,2,
2898,2021-06-23,23.28.04,15,8,95,6,
2899,2021-06-24,01.28.04,15,7,95,7,
2900,2021-06-24,03.28.04,15,6,95,8,
2901,2021-06-24,05.28.04,15,6,96,1,
2902,2021-06-24,07.28.04,16,4,96,3,
2903,2021-06-24,09.28.04,17,8,92,2,
2904,2021-06-24,11.28.04,17,9,88,7,
2905,2021-06-24,13.28.04,15,6,94,7,
2906,2021-06-24,15.28.04,15,8,92,2,
2907,2021-06-24,17.28.04,14,5,95,3,
2908,2021-06-24,19.28.04,14,4,94,7,
2909,2021-06-24,21.28.04,13,5,94,2,
2910,2021-06-24,23.28.04,13,3,94,5,
2911,2021-06-25,01.28.04,13,2,94,6,
2912,2021-06-25,03.28.04,13,4,95,7,
2913,2021-06-25,05.28.04,14,5,95,4,
2914,2021-06-25,07.28.04,15,8,91,2,
2915,2021-06-25,09.28.04,16,4,88,5,
2916,2021-06-25,11.28.04,17,7,83,8,
2917,2021-06-25,13.28.04,18,2,77,3,
2918,2021-06-25,15.28.04,16,2,90,3,
2919,2021-06-25,17.28.04,17,0,90,7,
2920,2021-06-25,19.28.04,15,9,91,0,
2921,2021-06-25,21.28.04,15,0,91,1,
2922,2021-06-25,23.28.04,14,2,92,2,
2923,2021-06-26,01.28.04,14,0,93,1,
2924,2021-06-26,03.28.04,14,8,93,5,
2925,2021-06-26,05.28.04,16,5,92,9,
2926,2021-06-26,07.28.04,22,8,72,3,
2927,2021-06-26,09.28.04,20,6,75,1,
2928,2021-06-26,11.28.04,19,5,85,1,
2929,2021-06-26,13.28.04,17,4,88,9,
2930,2021-06-26,15.28.04,17,0,86,8,
2931,2021-06-26,17.28.04,16,2,87,7,
2932,2021-06-26,19.28.04,15,2,87,2,
2933,2021-06-26,21.28.04,14,5,90,6,
2934,2021-06-26,23.28.04,14,2,92,5,
2935,2021-06-27,01.28.04,13,4,93,2,
2936,2021-06-27,03.28.04,14,4,94,4,
2937,2021-06-27,05.28.04,16,9,89,3,
2938,2021-06-27,07.28.04,16,4,88,4,
2939,2021-06-27,09.28.04,18,0,80,7,
2940,2021-06-27,11.28.04,17,9,81,9,
2941,2021-06-27,13.28.04,17,6,91,0,
2942,2021-06-27,15.28.04,17,5,87,9,
2943,2021-06-27,17.28.04,16,8,87,5,
2944,2021-06-27,19.28.04,15,3,93,1,
2945,2021-06-27,21.28.04,14,6,92,8,
2946,2021-06-27,23.28.04,14,4,93,4,
2947,2021-06-28,01.28.04,13,7,94,9,
2948,2021-06-28,03.28.04,13,2,95,1,
2949,2021-06-28,05.28.04,14,0,96,5,
2950,2021-06-28,07.28.04,14,4,97,0,
2951,2021-06-28,09.28.04,14,5,97,1,
2952,2021-06-28,11.28.04,13,5,97,0,
2953,2021-06-28,13.28.04,11,0,97,1,
2954,2021-06-28,15.28.04,10,5,97,4,
2955,2021-06-28,17.28.04,10,0,97,5,
2956,2021-06-28,19.28.04,9,8,97,0,
2957,2021-06-28,21.28.04,9,9,97,3,
2958,2021-06-28,23.28.04,9,1,96,3,
2959,2021-06-29,01.28.04,8,8,96,4,
2960,2021-06-29,03.28.04,8,6,96,1,
2961,2021-06-29,05.28.04,10,4,92,0,
2962,2021-06-29,07.28.04,15,0,91,2,
2963,2021-06-29,09.28.04,15,2,63,2,
2964,2021-06-29,11.28.04,16,2,67,5,
2965,2021-06-29,13.28.04,15,8,66,5,
2966,2021-06-29,15.28.04,15,6,63,7,
2967,2021-06-29,17.28.04,14,8,63,0,
2968,2021-06-29,19.28.04,13,8,66,6,
2969,2021-06-29,21.28.04,12,1,70,1,
2970,2021-06-29,23.28.04,10,7,76,2,
2971,2021-06-30,01.28.04,10,1,80,1,
2972,2021-06-30,03.28.04,10,7,75,1,
2973,2021-06-30,05.28.04,12,7,85,4,
2974,2021-06-30,07.28.04,18,7,53,4,
2975,2021-06-30,09.28.04,16,7,55,0,
2976,2021-06-30,11.28.04,16,8,55,7,
2977,2021-06-30,13.28.04,16,4,54,7,
2978,2021-06-30,15.28.04,16,4,50,1,
2979,2021-06-30,17.28.04,16,2,53,0,
2980,2021-06-30,19.28.04,14,7,62,1,
2981,2021-06-30,21.28.04,14,2,69,8,
2982,2021-06-30,23.28.04,13,2,78,6,
2983,2021-07-01,01.28.04,13,5,66,3,
2984,2021-07-01,03.28.04,13,4,71,0,
2985,2021-07-01,05.28.04,15,3,71,5,
2986,2021-07-01,07.28.04,19,8,62,1,
2987,2021-07-01,09.28.04,19,1,58,8,
2988,2021-07-01,11.28.04,19,2,54,9,
2989,2021-07-01,13.28.04,18,9,51,5,
2990,2021-07-01,15.28.04,18,9,50,6,
2991,2021-07-01,17.28.04,18,2,52,1,
2992,2021-07-01,19.28.04,17,6,54,2,
2993,2021-07-01,21.28.04,15,7,63,1,
2994,2021-07-01,23.28.04,14,2,64,5,
2995,2021-07-02,01.28.04,13,4,71,4,
2996,2021-07-02,03.28.04,12,3,78,3,
2997,2021-07-02,05.28.04,15,2,71,2,
2998,2021-07-02,07.28.04,19,4,59,6,
2999,2021-07-02,09.28.04,19,0,58,9,
3000,2021-07-02,11.28.04,19,6,50,8,
3001,2021-07-02,13.28.04,19,6,50,5,
3002,2021-07-02,15.28.04,19,9,52,8,
3003,2021-07-02,17.28.04,19,3,55,2,
3004,2021-07-02,19.28.04,17,7,62,4,
3005,2021-07-02,21.28.04,16,9,64,4,
3006,2021-07-02,23.28.04,13,9,84,3,
3007,2021-07-03,01.28.04,13,1,90,5,
3008,2021-07-03,03.28.04,13,2,94,3,
3009,2021-07-03,05.28.04,13,7,94,5,
3010,2021-07-03,07.28.04,14,3,94,7,
3011,2021-07-03,09.28.04,15,1,95,0,
3012,2021-07-03,11.28.04,16,1,94,7,
3013,2021-07-03,13.28.04,17,1,93,7,
3014,2021-07-03,15.28.04,17,6,92,9,
3015,2021-07-03,17.28.04,16,9,93,5,
3016,2021-07-03,19.28.04,16,4,93,7,
3017,2021-07-03,21.28.04,16,2,94,0,
3018,2021-07-03,23.28.04,16,1,95,2,
3019,2021-07-04,01.28.04,15,9,95,2,
3020,2021-07-04,03.28.04,15,6,96,1,
3021,2021-07-04,05.28.04,15,7,96,5,
3022,2021-07-04,07.28.04,16,3,96,7,
3023,2021-07-04,09.28.04,17,9,94,3,
3024,2021-07-04,11.28.04,17,5,93,2,
3025,2021-07-04,13.28.04,17,9,89,8,
3026,2021-07-04,15.28.04,18,0,90,6,
3027,2021-07-04,17.28.04,17,3,91,7,
3028,2021-07-04,19.28.04,16,2,92,8,
3029,2021-07-04,21.28.04,15,8,94,5,
3030,2021-07-04,23.28.04,15,9,95,4,
3031,2021-07-05,01.28.04,15,8,95,7,
3032,2021-07-05,03.28.04,15,7,95,6,
3033,2021-07-05,05.28.04,16,2,94,2,
3034,2021-07-05,07.28.04,17,1,91,1,
3035,2021-07-05,09.28.04,16,2,96,5,
3036,2021-07-05,11.28.04,16,8,97,1,
3037,2021-07-05,13.28.04,17,4,96,7,
3038,2021-07-05,15.28.04,16,6,95,8,
3039,2021-07-05,17.28.04,16,6,95,4,
3040,2021-07-05,19.28.04,14,2,94,6,
3041,2021-07-05,21.28.04,13,5,94,8,
3042,2021-07-05,23.28.04,12,9,95,7,
3043,2021-07-06,01.28.04,12,4,95,9,
3044,2021-07-06,03.28.04,12,3,96,3,
3045,2021-07-06,05.28.04,16,0,88,5,
3046,2021-07-06,07.28.04,17,5,86,7,
3047,2021-07-06,09.28.04,18,9,78,0,
3048,2021-07-06,11.28.04,18,7,80,7,
3049,2021-07-06,13.28.04,19,5,75,7,
3050,2021-07-06,15.28.04,18,5,73,0,
3051,2021-07-06,17.28.04,17,0,81,5,
3052,2021-07-06,19.28.04,15,7,83,8,
3053,2021-07-06,21.28.04,15,2,84,6,
3054,2021-07-06,23.28.04,15,2,83,1,
3055,2021-07-07,01.28.04,14,3,86,6,
3056,2021-07-07,03.28.04,14,1,88,1,
3057,2021-07-07,05.28.04,16,4,82,8,
3058,2021-07-07,07.28.04,19,8,75,4,
3059,2021-07-07,09.28.04,20,1,75,1,
3060,2021-07-07,11.28.04,20,3,65,5,
3061,2021-07-07,13.28.04,20,7,64,3,
3062,2021-07-07,15.28.04,19,9,67,7,
3063,2021-07-07,17.28.04,19,1,69,0,
3064,2021-07-07,19.28.04,18,2,68,6,
3065,2021-07-07,21.28.04,17,3,76,1,
3066,2021-07-07,23.28.04,15,6,84,2,
3067,2021-07-08,01.28.04,14,9,86,6,
3068,2021-07-08,03.28.04,13,9,89,9,
3069,2021-07-08,05.28.04,16,7,75,9,
3070,2021-07-08,07.28.04,20,6,66,3,
3071,2021-07-08,09.28.04,20,1,62,1,
3072,2021-07-08,11.28.04,20,0,65,0,
3073,2021-07-08,13.28.04,17,4,84,8,
3074,2021-07-08,15.28.04,18,0,79,4,
3075,2021-07-08,17.28.04,18,1,73,8,
3076,2021-07-08,19.28.04,16,2,76,6,
3077,2021-07-08,21.28.04,15,8,75,2,
3078,2021-07-08,23.28.04,14,2,83,9,
3079,2021-07-09,01.28.04,14,4,84,9,
3080,2021-07-09,03.28.04,13,2,90,3,
3081,2021-07-09,05.28.04,17,8,80,6,
3082,2021-07-09,07.28.04,20,4,75,2,
3083,2021-07-09,09.28.04,20,3,78,0,
3084,2021-07-09,11.28.04,18,5,80,9,
3085,2021-07-09,13.28.04,18,4,81,0,
3086,2021-07-09,15.28.04,16,2,90,3,
3087,2021-07-09,17.28.04,16,5,87,8,
3088,2021-07-09,19.28.04,15,5,92,4,
3089,2021-07-09,21.28.04,14,5,93,1,
3090,2021-07-09,23.28.04,13,2,92,9,
3091,2021-07-10,01.28.04,12,5,93,4,
3092,2021-07-10,03.28.04,12,3,93,9,
3093,2021-07-10,05.28.04,13,2,92,1,
3094,2021-07-10,07.28.04,14,1,91,7,
3095,2021-07-10,09.28.04,12,6,95,0,
3096,2021-07-10,11.28.04,13,4,95,2,
3097,2021-07-10,13.28.04,14,6,91,5,
3098,2021-07-10,15.28.04,14,5,91,0,
3099,2021-07-10,17.28.04,13,3,94,0,
3100,2021-07-10,19.28.04,12,1,94,8,
3101,2021-07-10,21.28.04,12,5,95,6,
3102,2021-07-10,23.28.04,12,3,95,9,
3103,2021-07-11,01.28.04,12,1,96,2,
3104,2021-07-11,03.28.04,11,8,96,3,
3105,2021-07-11,05.28.04,12,5,96,8,
3106,2021-07-11,07.28.04,14,1,94,0,
3107,2021-07-11,09.28.04,16,2,89,1,
3108,2021-07-11,11.28.04,16,0,88,2,
3109,2021-07-11,13.28.04,14,5,95,1,
3110,2021-07-11,15.28.04,15,1,94,3,
3111,2021-07-11,17.28.04,15,0,94,0,
3112,2021-07-11,19.28.04,14,1,92,6,
3113,2021-07-11,21.28.04,13,9,93,2,
3114,2021-07-11,23.28.04,13,1,95,2,
3115,2021-07-12,01.28.04,13,1,95,8,
3116,2021-07-12,03.28.04,13,5,95,3,
3117,2021-07-12,05.28.04,13,2,96,3,
3118,2021-07-12,07.28.04,14,0,97,2,
3119,2021-07-12,09.28.04,16,0,92,8,
3120,2021-07-12,11.28.04,15,8,93,9,
3121,2021-07-12,13.28.04,17,7,87,5,
3122,2021-07-12,15.28.04,17,8,83,6,
3123,2021-07-12,17.28.04,17,7,83,3,
3124,2021-07-12,19.28.04,17,1,84,1,
3125,2021-07-12,21.28.04,16,6,89,3,
3126,2021-07-12,23.28.04,16,4,88,5,
3127,2021-07-13,01.28.04,15,4,95,0,
3128,2021-07-13,03.28.04,15,8,96,7,
3129,2021-07-13,05.28.04,16,4,97,1,
3130,2021-07-13,07.28.04,14,7,93,9,
3131,2021-07-13,09.28.04,15,4,92,6,
3132,2021-07-13,11.28.04,16,3,88,2,
3133,2021-07-13,13.28.04,16,9,84,7,
3134,2021-07-13,15.28.04,16,8,80,8,
3135,2021-07-13,17.28.04,15,8,86,9,
3136,2021-07-13,19.28.04,14,0,93,7,
3137,2021-07-13,21.28.04,13,1,94,8,
3138,2021-07-13,23.28.04,13,2,95,0,
3139,2021-07-14,01.28.04,13,6,93,3,
3140,2021-07-14,03.28.04,12,9,91,2,
3141,2021-07-14,05.28.04,14,3,91,2,
3142,2021-07-14,07.28.04,14,8,89,9,
3143,2021-07-14,09.28.04,14,2,93,9,
3144,2021-07-14,11.28.04,15,5,90,2,
3145,2021-07-14,13.28.04,14,6,94,6,
3146,2021-07-14,15.28.04,13,7,96,8,
3147,2021-07-14,17.28.04,13,5,96,9,
3148,2021-07-14,19.28.04,12,5,97,6,
3149,2021-07-14,21.28.04,11,9,98,0,
3150,2021-07-14,23.28.04,12,2,98,2,
3151,2021-07-15,01.28.04,12,5,98,2,
3152,2021-07-15,03.28.04,12,7,98,2,
3153,2021-07-15,05.28.04,12,9,98,4,
3154,2021-07-15,07.28.04,12,6,98,4,
3155,2021-07-15,09.28.04,12,6,98,3,
3156,2021-07-15,11.28.04,14,1,98,1,
3157,2021-07-15,13.28.04,14,1,97,3,
3158,2021-07-15,15.28.04,14,2,93,3,
3159,2021-07-15,17.28.04,13,3,93,9,
3160,2021-07-15,19.28.04,12,5,92,9,
3161,2021-07-15,21.28.04,11,8,94,3,
3162,2021-07-15,23.28.04,11,6,94,2,
3163,2021-07-16,01.28.04,11,3,94,4,
3164,2021-07-16,03.28.04,11,1,95,0,
3165,2021-07-16,05.28.04,11,9,94,4,
3166,2021-07-16,07.28.04,13,4,91,1,
3167,2021-07-16,09.28.04,15,2,87,6,
3168,2021-07-16,11.28.04,14,0,91,7,
3169,2021-07-16,13.28.04,14,3,91,2,
3170,2021-07-16,15.28.04,14,9,87,9,
3171,2021-07-16,17.28.04,14,7,87,5,
3172,2021-07-16,19.28.04,11,6,96,9,
3173,2021-07-16,21.28.04,10,9,97,4,
3174,2021-07-16,23.28.04,11,3,97,6,
3175,2021-07-17,01.28.04,11,5,97,8,
3176,2021-07-17,03.28.04,11,3,97,9,
3177,2021-07-17,05.28.04,11,3,97,9,
3178,2021-07-17,07.28.04,11,7,98,2,
3179,2021-07-17,09.28.04,12,4,98,2,
3180,2021-07-17,11.28.04,13,5,95,0,
3181,2021-07-17,13.28.04,13,7,93,6,
3182,2021-07-17,15.28.04,12,7,97,8,
3183,2021-07-17,17.28.04,12,2,98,1,
3184,2021-07-17,19.28.04,11,7,98,2,
3185,2021-07-17,21.28.04,11,7,98,4,
3186,2021-07-17,23.28.04,11,1,98,5,
3187,2021-07-18,01.28.04,10,4,98,6,
3188,2021-07-18,03.28.04,10,1,98,7,
3189,2021-07-18,05.28.04,9,0,98,8,
3190,2021-07-18,07.28.04,8,4,98,8,
3191,2021-07-18,09.28.04,8,2,99,0,
3192,2021-07-18,11.28.04,8,6,99,1,
3193,2021-07-18,13.28.04,9,5,99,1,
3194,2021-07-18,15.28.04,8,5,99,2,
3195,2021-07-18,17.28.04,8,2,99,2,
3196,2021-07-18,19.28.04,7,7,99,3,
3197,2021-07-18,21.28.04,7,3,99,4,
3198,2021-07-18,23.28.04,6,0,99,4,
3199,2021-07-19,01.28.04,5,7,99,5,
3200,2021-07-19,03.28.04,5,7,99,5,
3201,2021-07-19,05.28.04,6,8,99,4,
3202,2021-07-19,07.28.04,8,3,94,7,
3203,2021-07-19,09.28.04,8,6,89,2,
3204,2021-07-19,11.28.04,8,6,85,0,
3205,2021-07-19,13.28.04,9,1,84,5,
3206,2021-07-19,15.28.04,9,2,79,9,
3207,2021-07-19,17.28.04,8,6,87,7,
3208,2021-07-19,19.28.04,7,6,91,1,
3209,2021-07-19,21.28.04,7,1,88,8,
3210,2021-07-19,23.28.04,7,3,88,7,
3211,2021-07-20,01.28.04,7,0,94,3,
3212,2021-07-20,03.28.04,6,5,95,2,
3213,2021-07-20,05.28.04,7,1,94,2,
3214,2021-07-20,07.28.04,8,1,93,5,
3215,2021-07-20,09.28.04,8,7,91,5,
3216,2021-07-20,11.28.04,9,5,89,6,
3217,2021-07-20,13.28.04,9,3,94,2,
3218,2021-07-20,15.28.04,9,3,95,6,
3219,2021-07-20,17.28.04,9,4,95,4,
3220,2021-07-20,19.28.04,9,3,95,3,
3221,2021-07-20,21.28.04,9,5,94,7,
3222,2021-07-20,23.28.04,9,6,94,9,
3223,2021-07-21,01.28.04,9,6,93,3,
3224,2021-07-21,03.28.04,9,1,93,8,
3225,2021-07-21,05.28.04,9,0,93,7,
3226,2021-07-21,07.28.04,9,5,91,0,
3227,2021-07-21,09.28.04,11,1,85,7,
3228,2021-07-21,11.28.04,12,0,82,8,
3229,2021-07-21,13.28.04,12,8,81,2,
3230,2021-07-21,15.28.04,12,5,82,9,
3231,2021-07-21,17.28.04,11,8,84,9,
3232,2021-07-21,19.28.04,11,2,85,4,
3233,2021-07-21,21.28.04,10,2,87,5,
3234,2021-07-21,23.28.04,9,6,89,2,
3235,2021-07-22,01.28.04,8,7,90,9,
3236,2021-07-22,03.28.04,7,5,92,0,
3237,2021-07-22,05.28.04,8,2,88,5,
3238,2021-07-22,07.28.04,11,1,79,8,
3239,2021-07-22,09.28.04,11,7,76,5,
3240,2021-07-22,11.28.04,12,3,77,3,
3241,2021-07-22,13.28.04,11,6,78,8,
3242,2021-07-22,15.28.04,11,7,80,2,
3243,2021-07-22,17.28.04,11,4,82,0,
3244,2021-07-22,19.28.04,10,5,85,2,
3245,2021-07-22,21.28.04,10,1,86,5,
3246,2021-07-22,23.28.04,9,0,87,9,
3247,2021-07-23,01.28.04,8,9,89,5,
3248,2021-07-23,03.28.04,8,8,90,0,
3249,2021-07-23,05.28.04,9,0,88,3,
3250,2021-07-23,07.28.04,12,4,85,9,
3251,2021-07-23,09.28.04,14,4,80,9,
3252,2021-07-23,11.28.04,14,9,78,6,
3253,2021-07-23,13.28.04,14,7,78,8,
3254,2021-07-23,15.28.04,15,1,76,2,
3255,2021-07-23,17.28.04,14,7,80,7,
3256,2021-07-23,19.28.04,13,8,83,3,
3257,2021-07-23,21.28.04,12,8,84,5,
3258,2021-07-23,23.28.04,11,6,86,3,
3259,2021-07-24,01.28.04,10,6,87,8,
3260,2021-07-24,03.28.04,10,2,88,7,
3261,2021-07-24,05.28.04,11,1,87,4,
3262,2021-07-24,07.28.04,13,0,83,0,
3263,2021-07-24,09.28.04,16,0,78,3,
3264,2021-07-24,11.28.04,16,7,68,5,
3265,2021-07-24,13.28.04,16,3,63,4,
3266,2021-07-24,15.28.04,15,7,62,3,
3267,2021-07-24,17.28.04,15,2,69,6,
3268,2021-07-24,19.28.04,13,6,76,3,
3269,2021-07-24,21.28.04,12,3,80,8,
3270,2021-07-24,23.28.04,11,4,84,3,
3271,2021-07-25,01.28.04,10,7,87,5,
3272,2021-07-25,03.28.04,9,9,89,4,
3273,2021-07-25,05.28.04,9,6,90,8,
3274,2021-07-25,07.28.04,12,5,82,0,
3275,2021-07-25,09.28.04,13,9,73,0,
3276,2021-07-25,11.28.04,13,7,73,1,
3277,2021-07-25,13.28.04,13,6,70,9,
3278,2021-07-25,15.28.04,13,6,70,0,
3279,2021-07-25,17.28.04,12,6,74,9,
3280,2021-07-25,19.28.04,10,7,79,1,
3281,2021-07-25,21.28.04,10,7,74,0,
3282,2021-07-25,23.28.04,9,3,86,5,
3283,2021-07-26,01.28.04,8,7,87,0,
3284,2021-07-26,03.28.04,9,2,89,9,
3285,2021-07-26,05.28.04,8,9,92,4,
3286,2021-07-26,07.28.04,11,0,89,9,
3287,2021-07-26,09.28.04,13,6,83,9,
3288,2021-07-26,11.28.04,15,6,81,9,
3289,2021-07-26,13.28.04,15,7,83,8,
3290,2021-07-26,15.28.04,14,5,77,2,
3291,2021-07-26,17.28.04,13,9,77,9,
3292,2021-07-26,19.28.04,12,1,82,4,
3293,2021-07-26,21.28.04,11,0,83,5,
3294,2021-07-26,23.28.04,9,4,87,4,
3295,2021-07-27,01.28.04,8,6,89,7,
3296,2021-07-27,03.28.04,7,6,92,1,
3297,2021-07-27,05.28.04,8,9,88,5,
3298,2021-07-27,07.28.04,11,5,81,0,
3299,2021-07-27,09.28.04,11,9,73,4,
3300,2021-07-27,11.28.04,12,6,66,3,
3301,2021-07-27,13.28.04,10,7,78,6,
3302,2021-07-27,15.28.04,9,8,72,9,
3303,2021-07-27,17.28.04,9,4,80,2,
3304,2021-07-27,19.28.04,6,6,92,0,
3305,2021-07-27,21.28.04,5,7,92,1,
3306,2021-07-27,23.28.04,5,3,91,9,
3307,2021-07-28,01.28.04,4,6,91,7,
3308,2021-07-28,03.28.04,4,1,93,1,
3309,2021-07-28,05.28.04,5,9,89,8,
3310,2021-07-28,07.28.04,8,7,81,1,
3311,2021-07-28,09.28.04,9,5,74,5,
3312,2021-07-28,11.28.04,10,4,71,9,
3313,2021-07-28,13.28.04,6,3,87,8,
3314,2021-07-28,15.28.04,6,6,92,8,
3315,2021-07-28,17.28.04,5,5,94,0,
3316,2021-07-28,19.28.04,5,7,91,0,
3317,2021-07-28,21.28.04,5,4,94,3,
3318,2021-07-28,23.28.04,5,3,94,2,
3319,2021-07-29,01.28.04,4,4,94,6,
3320,2021-07-29,03.28.04,3,6,95,0,
3321,2021-07-29,05.28.04,4,6,93,5,
3322,2021-07-29,07.28.04,7,1,88,1,
3323,2021-07-29,09.28.04,7,8,84,4,
3324,2021-07-29,11.28.04,7,9,81,6,
3325,2021-07-29,13.28.04,7,5,80,2,
3326,2021-07-29,15.28.04,7,1,80,9,
3327,2021-07-29,17.28.04,6,5,87,8,
3328,2021-07-29,19.28.04,6,0,89,2,
3329,2021-07-29,21.28.04,5,1,91,4,
3330,2021-07-29,23.28.04,5,1,90,4,
3331,2021-07-30,01.28.04,5,6,88,8,
3332,2021-07-30,03.28.04,5,3,87,9,
3333,2021-07-30,05.28.04,5,1,86,9,
3334,2021-07-30,07.28.04,5,3,83,0,
3335,2021-07-30,09.28.04,5,7,79,8,
3336,2021-07-30,11.28.04,6,8,77,1,
3337,2021-07-30,13.28.04,7,3,78,3,
3338,2021-07-30,15.28.04,7,6,77,5,
3339,2021-07-30,17.28.04,6,5,79,1,
3340,2021-07-30,19.28.04,5,8,75,8,
3341,2021-07-30,21.28.04,5,4,79,1,
3342,2021-07-30,23.28.04,4,0,83,2,
3343,2021-07-31,01.28.04,2,9,85,2,
3344,2021-07-31,03.28.04,2,0,89,3,
3345,2021-07-31,05.28.04,3,2,86,0,
3346,2021-07-31,07.28.04,6,7,74,7,
3347,2021-07-31,09.28.04,9,1,69,0,
3348,2021-07-31,11.28.04,9,8,66,8,
3349,2021-07-31,13.28.04,10,2,66,3,
3350,2021-07-31,15.28.04,9,9,65,8,
3351,2021-07-31,17.28.04,8,0,75,7,
3352,2021-07-31,19.28.04,6,6,81,6,
3353,2021-07-31,21.28.04,6,4,83,9,
3354,2021-07-31,23.28.04,5,1,85,9,
3355,2021-08-01,01.28.04,5,0,88,5,
3356,2021-08-01,03.28.04,4,7,91,8,
3357,2021-08-01,05.28.04,6,7,82,9,
3358,2021-08-01,07.28.04,6,9,85,2,
3359,2021-08-01,09.28.04,10,4,82,6,
3360,2021-08-01,11.28.04,11,1,73,3,
3361,2021-08-01,13.28.04,11,9,71,1,
3362,2021-08-01,15.28.04,11,4,79,0,
3363,2021-08-01,17.28.04,8,8,86,3,
3364,2021-08-01,19.28.04,8,2,89,0,
3365,2021-08-01,21.28.04,8,2,89,8,
3366,2021-08-01,23.28.04,7,6,91,6,
3367,2021-08-02,01.28.04,6,8,92,5,
3368,2021-08-02,03.28.04,5,6,93,6,
3369,2021-08-02,05.28.04,6,4,93,6,
3370,2021-08-02,07.28.04,8,8,91,0,
3371,2021-08-02,09.28.04,11,3,87,5,
3372,2021-08-02,11.28.04,13,1,83,7,
3373,2021-08-02,13.28.04,13,1,87,4,
3374,2021-08-02,15.28.04,12,8,90,7,
3375,2021-08-02,17.28.04,11,6,92,1,
3376,2021-08-02,19.28.04,11,0,95,2,
3377,2021-08-02,21.28.04,11,1,96,2,
3378,2021-08-02,23.28.04,11,3,96,6,
3379,2021-08-03,01.28.04,11,2,96,6,
3380,2021-08-03,03.28.04,11,4,96,7,
3381,2021-08-03,05.28.04,11,7,96,7,
3382,2021-08-03,07.28.04,12,2,94,6,
3383,2021-08-03,09.28.04,12,9,91,6,
3384,2021-08-03,11.28.04,13,1,94,2,
3385,2021-08-03,13.28.04,13,3,94,3,
3386,2021-08-03,15.28.04,13,7,94,0,
3387,2021-08-03,17.28.04,12,0,94,2,
3388,2021-08-03,19.28.04,10,4,93,5,
3389,2021-08-03,21.28.04,10,0,92,8,
3390,2021-08-03,23.28.04,8,7,92,3,
3391,2021-08-04,01.28.04,7,7,92,2,
3392,2021-08-04,03.28.04,7,2,92,2,
3393,2021-08-04,05.28.04,8,9,89,5,
3394,2021-08-04,07.28.04,11,1,82,3,
3395,2021-08-04,09.28.04,11,2,86,0,
3396,2021-08-04,11.28.04,12,2,80,6,
3397,2021-08-04,13.28.04,11,8,77,0,
3398,2021-08-04,15.28.04,11,2,80,1,
3399,2021-08-04,17.28.04,9,5,83,1,
3400,2021-08-04,19.28.04,8,5,86,3,
3401,2021-08-04,21.28.04,8,3,85,6,
3402,2021-08-04,23.28.04,6,8,88,2,
3403,2021-08-05,01.28.04,6,0,90,9,
3404,2021-08-05,03.28.04,5,7,91,2,
3405,2021-08-05,05.28.04,5,5,91,0,
3406,2021-08-05,07.28.04,8,6,87,4,
3407,2021-08-05,09.28.04,11,6,76,2,
3408,2021-08-05,11.28.04,11,8,68,8,
3409,2021-08-05,13.28.04,11,6,67,3,
3410,2021-08-05,15.28.04,11,0,72,4,
3411,2021-08-05,17.28.04,9,8,77,2,
3412,2021-08-05,19.28.04,8,8,83,4,
3413,2021-08-05,21.28.04,8,4,87,7,
3414,2021-08-05,23.28.04,8,1,89,2,
3415,2021-08-06,01.28.04,8,4,90,3,
3416,2021-08-06,03.28.04,8,3,93,5,
3417,2021-08-06,05.28.04,8,4,93,9,
3418,2021-08-06,07.28.04,8,6,97,0,
3419,2021-08-06,09.28.04,9,2,97,3,
3420,2021-08-06,11.28.04,10,4,97,2,
3421,2021-08-06,13.28.04,10,6,96,3,
3422,2021-08-06,15.28.04,10,8,95,9,
3423,2021-08-06,17.28.04,10,2,96,1,
3424,2021-08-06,19.28.04,9,7,96,5,
3425,2021-08-06,21.28.04,9,5,96,8,
3426,2021-08-06,23.28.04,9,3,97,0,
3427,2021-08-07,01.28.04,9,3,97,2,
3428,2021-08-07,03.28.04,9,2,97,4,
3429,2021-08-07,05.28.04,9,1,97,5,
3430,2021-08-07,07.28.04,9,2,97,6,
3431,2021-08-07,09.28.04,9,9,97,2,
3432,2021-08-07,11.28.04,10,4,94,9,
3433,2021-08-07,13.28.04,10,9,94,2,
3434,2021-08-07,15.28.04,10,9,93,8,
3435,2021-08-07,17.28.04,10,5,95,4,
3436,2021-08-07,19.28.04,10,4,97,3,
3437,2021-08-07,21.28.04,10,9,97,7,
3438,2021-08-07,23.28.04,11,1,98,1,
3439,2021-08-08,01.28.04,11,1,98,3,
3440,2021-08-08,03.28.04,11,3,98,5,
3441,2021-08-08,05.28.04,10,9,98,6,
3442,2021-08-08,07.28.04,11,1,98,6,
3443,2021-08-08,09.28.04,10,4,98,8,
3444,2021-08-08,11.28.04,9,2,98,9,
3445,2021-08-08,13.28.04,7,6,98,9,
3446,2021-08-08,15.28.04,6,1,98,6,
3447,2021-08-08,17.28.04,5,1,93,4,
3448,2021-08-08,19.28.04,4,9,91,8,
3449,2021-08-08,21.28.04,5,3,90,0,
3450,2021-08-08,23.28.04,5,5,89,2,
3451,2021-08-09,01.28.04,5,2,90,2,
3452,2021-08-09,03.28.04,4,5,90,4,
3453,2021-08-09,05.28.04,4,0,95,5,
3454,2021-08-09,07.28.04,4,4,95,6,
3455,2021-08-09,09.28.04,4,7,94,8,
3456,2021-08-09,11.28.04,5,0,93,3,
3457,2021-08-09,13.28.04,5,0,93,6,
3458,2021-08-09,15.28.04,3,9,95,4,
3459,2021-08-09,17.28.04,2,9,96,6,
3460,2021-08-09,19.28.04,2,3,97,9,
3461,2021-08-09,21.28.04,2,0,98,4,
3462,2021-08-09,23.28.04,1,8,99,0,
3463,2021-08-10,01.28.04,2,4,99,2,
3464,2021-08-10,03.28.04,3,3,99,3,
3465,2021-08-10,05.28.04,3,6,99,4,
3466,2021-08-10,07.28.04,4,1,99,4,
3467,2021-08-10,09.28.04,5,1,98,9,
3468,2021-08-10,11.28.04,5,7,97,4,
3469,2021-08-10,13.28.04,6,2,89,6,
3470,2021-08-10,15.28.04,5,7,88,6,
3471,2021-08-10,17.28.04,5,1,86,7,
3472,2021-08-10,19.28.04,4,3,90,1,
3473,2021-08-10,21.28.04,4,4,92,1,
3474,2021-08-10,23.28.04,4,4,90,4,
3475,2021-08-11,01.28.04,4,3,91,0,
3476,2021-08-11,03.28.04,4,0,92,8,
3477,2021-08-11,05.28.04,4,0,94,1,
3478,2021-08-11,07.28.04,5,6,89,9,
3479,2021-08-11,09.28.04,6,4,82,4,
3480,2021-08-11,11.28.04,7,2,75,4,
3481,2021-08-11,13.28.04,6,9,81,0,
3482,2021-08-11,15.28.04,6,7,84,5,
3483,2021-08-11,17.28.04,5,1,86,2,
3484,2021-08-11,19.28.04,5,0,88,9,
3485,2021-08-11,21.28.04,4,5,90,7,
3486,2021-08-11,23.28.04,4,1,90,0,
3487,2021-08-12,01.28.04,3,2,91,1,
3488,2021-08-12,03.28.04,3,6,89,2,
3489,2021-08-12,05.28.04,3,7,90,3,
3490,2021-08-12,07.28.04,4,7,84,8,
3491,2021-08-12,09.28.04,6,4,76,6,
3492,2021-08-12,11.28.04,7,3,78,3,
3493,2021-08-12,13.28.04,8,3,75,4,
3494,2021-08-12,15.28.04,7,9,82,5,
3495,2021-08-12,17.28.04,6,4,87,0,
3496,2021-08-12,19.28.04,6,2,89,3,
3497,2021-08-12,21.28.04,5,7,90,6,
3498,2021-08-12,23.28.04,5,9,90,1,
3499,2021-08-13,01.28.04,5,4,92,7,
3500,2021-08-13,03.28.04,5,2,93,0,
3501,2021-08-13,05.28.04,5,0,93,3,
3502,2021-08-13,07.28.04,6,0,92,1,
3503,2021-08-13,09.28.04,6,8,90,0,
3504,2021-08-13,11.28.04,7,5,83,0,
3505,2021-08-13,13.28.04,8,0,79,4,
3506,2021-08-13,15.28.04,7,5,77,8,
3507,2021-08-13,17.28.04,6,2,83,0,
3508,2021-08-13,19.28.04,5,1,83,3,
3509,2021-08-13,21.28.04,4,1,86,0,
3510,2021-08-13,23.28.04,3,0,90,4,
3511,2021-08-14,01.28.04,3,3,91,8,
3512,2021-08-14,03.28.04,3,4,92,0,
3513,2021-08-14,05.28.04,4,1,90,9,
3514,2021-08-14,07.28.04,4,8,92,1,
3515,2021-08-14,09.28.04,6,1,86,3,
3516,2021-08-14,11.28.04,7,2,79,2,
3517,2021-08-14,13.28.04,6,8,76,8,
3518,2021-08-14,15.28.04,6,6,76,4,
3519,2021-08-14,17.28.04,5,7,83,8,
3520,2021-08-14,19.28.04,5,3,84,0,
3521,2021-08-14,21.28.04,5,0,78,4,
3522,2021-08-14,23.28.04,4,8,78,5,
3523,2021-08-15,01.28.04,4,6,82,0,
3524,2021-08-15,03.28.04,4,2,80,2,
3525,2021-08-15,05.28.04,4,2,81,6,
3526,2021-08-15,07.28.04,5,3,79,2,
3527,2021-08-15,09.28.04,5,6,77,2,
3528,2021-08-15,11.28.04,5,9,76,7,
3529,2021-08-15,13.28.04,5,9,76,2,
3530,2021-08-15,15.28.04,5,8,76,9,
3531,2021-08-15,17.28.04,4,7,81,4,
3532,2021-08-15,19.28.04,3,6,85,7,
3533,2021-08-15,21.28.04,2,7,87,8,
3534,2021-08-15,23.28.04,2,2,89,4,
3535,2021-08-16,01.28.04,2,1,90,3,
3536,2021-08-16,03.28.04,1,9,90,6,
3537,2021-08-16,05.28.04,2,0,91,5,
3538,2021-08-16,07.28.04,3,2,89,0,
3539,2021-08-16,09.28.04,4,4,81,4,
3540,2021-08-16,11.28.04,4,8,78,8,
3541,2021-08-16,13.28.04,5,3,76,6,
3542,2021-08-16,15.28.04,5,1,81,3,
3543,2021-08-16,17.28.04,3,7,83,8,
3544,2021-08-16,19.28.04,2,6,85,3,
3545,2021-08-16,21.28.04,1,9,86,5,
3546,2021-08-16,23.28.04,1,5,89,6,
3547,2021-08-17,01.28.04,0,8,90,7,
3548,2021-08-17,03.28.04,1,4,90,7,
3549,2021-08-17,05.28.04,1,6,87,1,
3550,2021-08-17,07.28.04,2,3,90,7,
3551,2021-08-17,09.28.04,5,0,86,8,
3552,2021-08-17,11.28.04,6,3,79,1,
3553,2021-08-17,13.28.04,6,1,77,7,
3554,2021-08-17,15.28.04,6,2,79,5,
3555,2021-08-17,17.28.04,5,1,84,8,
3556,2021-08-17,19.28.04,4,6,85,2,
3557,2021-08-17,21.28.04,2,8,90,7,
3558,2021-08-17,23.28.04,2,1,93,2,
3559,2021-08-18,01.28.04,1,5,94,3,
3560,2021-08-18,03.28.04,1,5,94,7,
3561,2021-08-18,05.28.04,1,5,95,1,
3562,2021-08-18,07.28.04,2,1,95,3,
3563,2021-08-18,09.28.04,3,7,93,1,
3564,2021-08-18,11.28.04,5,3,91,3,
3565,2021-08-18,13.28.04,6,5,88,7,
3566,2021-08-18,15.28.04,6,0,92,8,
3567,2021-08-18,17.28.04,5,5,96,0,
3568,2021-08-18,19.28.04,5,3,93,7,
3569,2021-08-18,21.28.04,5,5,94,2,
3570,2021-08-18,23.28.04,5,8,94,3,
3571,2021-08-19,01.28.04,6,1,92,0,
3572,2021-08-19,03.28.04,5,9,92,6,
3573,2021-08-19,05.28.04,5,9,93,5,
3574,2021-08-19,07.28.04,7,8,91,6,
3575,2021-08-19,09.28.04,8,5,88,6,
3576,2021-08-19,11.28.04,9,6,84,7,
3577,2021-08-19,13.28.04,9,7,84,6,
3578,2021-08-19,15.28.04,9,1,85,6,
3579,2021-08-19,17.28.04,7,8,90,1,
3580,2021-08-19,19.28.04,6,2,89,5,
3581,2021-08-19,21.28.04,6,3,89,7,
3582,2021-08-19,23.28.04,5,5,91,5,
3583,2021-08-20,01.28.04,5,3,93,7,
3584,2021-08-20,03.28.04,5,4,94,6,
3585,2021-08-20,05.28.04,5,7,95,7,
3586,2021-08-20,07.28.04,6,2,96,5,
3587,2021-08-20,09.28.04,6,8,96,5,
3588,2021-08-20,11.28.04,7,0,96,0,
3589,2021-08-20,13.28.04,7,2,95,6,
3590,2021-08-20,15.28.04,6,8,96,3,
3591,2021-08-20,17.28.04,6,1,96,8,
3592,2021-08-20,19.28.04,6,2,97,4,
3593,2021-08-20,21.28.04,6,1,97,5,
3594,2021-08-20,23.28.04,5,8,97,6,
3595,2021-08-21,01.28.04,5,3,97,7,
3596,2021-08-21,03.28.04,5,3,97,9,
3597,2021-08-21,05.28.04,5,7,98,0,
3598,2021-08-21,07.28.04,6,7,97,8,
3599,2021-08-21,09.28.04,8,3,94,4,
3600,2021-08-21,11.28.04,7,9,92,8,
3601,2021-08-21,13.28.04,7,7,90,6,
3602,2021-08-21,15.28.04,7,8,91,3,
3603,2021-08-21,17.28.04,6,4,91,4,
3604,2021-08-21,19.28.04,5,7,92,8,
3605,2021-08-21,21.28.04,4,8,94,4,
3606,2021-08-21,23.28.04,4,6,95,2,
3607,2021-08-22,01.28.04,3,9,95,8,
3608,2021-08-22,03.28.04,3,8,96,1,
3609,2021-08-22,05.28.04,3,9,96,5,
3610,2021-08-22,07.28.04,5,8,93,6,
3611,2021-08-22,09.28.04,9,1,90,5,
3612,2021-08-22,11.28.04,10,1,87,1,
3613,2021-08-22,13.28.04,10,5,84,8,
3614,2021-08-22,15.28.04,10,7,85,2,
3615,2021-08-22,17.28.04,9,1,88,8,
3616,2021-08-22,19.28.04,8,5,89,9,
3617,2021-08-22,21.28.04,7,9,89,9,
3618,2021-08-22,23.28.04,7,3,90,9,
3619,2021-08-23,01.28.04,6,5,92,1,
3620,2021-08-23,03.28.04,6,3,92,7,
3621,2021-08-23,05.28.04,6,4,93,4,
3622,2021-08-23,07.28.04,8,1,89,7,
3623,2021-08-23,09.28.04,10,2,84,4,
3624,2021-08-23,11.28.04,10,8,82,2,
3625,2021-08-23,13.28.04,10,6,82,4,
3626,2021-08-23,15.28.04,10,2,81,8,
3627,2021-08-23,17.28.04,8,8,82,0,
3628,2021-08-23,19.28.04,7,1,93,2,
3629,2021-08-23,21.28.04,5,8,94,9,
3630,2021-08-23,23.28.04,6,2,96,2,
3631,2021-08-24,01.28.04,5,8,96,2,
3632,2021-08-24,03.28.04,5,9,96,6,
3633,2021-08-24,05.28.04,5,8,96,3,
3634,2021-08-24,07.28.04,6,5,95,6,
3635,2021-08-24,09.28.04,6,6,93,5,
3636,2021-08-24,11.28.04,6,8,88,6,
3637,2021-08-24,13.28.04,7,6,86,9,
3638,2021-08-24,15.28.04,7,2,88,1,
3639,2021-08-24,17.28.04,6,7,89,1,
3640,2021-08-24,19.28.04,6,6,88,4,
3641,2021-08-24,21.28.04,6,5,89,2,
3642,2021-08-24,23.28.04,6,4,89,9,
3643,2021-08-25,01.28.04,6,4,90,0,
3644,2021-08-25,03.28.04,6,3,90,7,
3645,2021-08-25,05.28.04,6,3,92,0,
3646,2021-08-25,07.28.04,7,0,92,5,
3647,2021-08-25,09.28.04,8,3,87,3,
3648,2021-08-25,11.28.04,9,3,75,9,
3649,2021-08-25,13.28.04,9,0,76,7,
3650,2021-08-25,15.28.04,7,8,79,3,
3651,2021-08-25,17.28.04,7,0,86,3,
3652,2021-08-25,19.28.04,6,5,87,0,
3653,2021-08-25,21.28.04,6,1,87,0,
3654,2021-08-25,23.28.04,6,0,88,3,
3655,2021-08-26,01.28.04,5,8,89,4,
3656,2021-08-26,03.28.04,5,3,90,4,
3657,2021-08-26,05.28.04,5,5,91,4,
3658,2021-08-26,07.28.04,5,7,91,6,
3659,2021-08-26,09.28.04,6,9,90,8,
3660,2021-08-26,11.28.04,8,8,85,7,
3661,2021-08-26,13.28.04,8,8,82,0,
3662,2021-08-26,15.28.04,8,1,85,2,
3663,2021-08-26,17.28.04,7,4,87,4,
3664,2021-08-26,19.28.04,7,0,89,6,
3665,2021-08-26,21.28.04,6,7,92,1,
3666,2021-08-26,23.28.04,6,7,93,1,
3667,2021-08-27,01.28.04,6,9,93,4,
3668,2021-08-27,03.28.04,6,9,94,0,
3669,2021-08-27,05.28.04,7,1,94,0,
3670,2021-08-27,07.28.04,7,4,92,2,
3671,2021-08-27,09.28.04,7,8,91,0,
3672,2021-08-27,11.28.04,8,4,91,0,
3673,2021-08-27,13.28.04,8,7,92,1,
3674,2021-08-27,15.28.04,8,7,91,9,
3675,2021-08-27,17.28.04,8,5,93,3,
3676,2021-08-27,19.28.04,7,5,94,6,
3677,2021-08-27,21.28.04,6,8,95,5,
3678,2021-08-27,23.28.04,6,9,94,6,
3679,2021-08-28,01.28.04,6,4,95,0,
3680,2021-08-28,03.28.04,5,9,95,6,
3681,2021-08-28,05.28.04,5,4,95,3,
3682,2021-08-28,07.28.04,6,6,93,6,
3683,2021-08-28,09.28.04,8,5,91,2,
3684,2021-08-28,11.28.04,10,4,82,9,
3685,2021-08-28,13.28.04,10,6,81,2,
3686,2021-08-28,15.28.04,9,8,85,2,
3687,2021-08-28,17.28.04,8,5,88,6,
3688,2021-08-28,19.28.04,8,0,88,6,
3689,2021-08-28,21.28.04,7,2,91,3,
3690,2021-08-28,23.28.04,7,0,93,2,
3691,2021-08-29,01.28.04,6,8,94,0,
3692,2021-08-29,03.28.04,7,3,93,0,
3693,2021-08-29,05.28.04,7,2,92,7,
3694,2021-08-29,07.28.04,8,0,89,9,
3695,2021-08-29,09.28.04,9,9,82,1,
3696,2021-08-29,11.28.04,10,7,78,0,
3697,2021-08-29,13.28.04,11,1,75,5,
3698,2021-08-29,15.28.04,10,6,78,1,
3699,2021-08-29,17.28.04,9,0,86,4,
3700,2021-08-29,19.28.04,8,2,88,9,
3701,2021-08-29,21.28.04,7,5,90,0,
3702,2021-08-29,23.28.04,7,4,90,5,
3703,2021-08-30,01.28.04,7,3,91,3,
3704,2021-08-30,03.28.04,7,5,90,8,
3705,2021-08-30,05.28.04,7,7,90,0,
3706,2021-08-30,07.28.04,8,2,88,8,
3707,2021-08-30,09.28.04,8,2,89,6,
3708,2021-08-30,11.28.04,7,6,96,4,
3709,2021-08-30,13.28.04,7,7,97,5,
3710,2021-08-30,15.28.04,7,9,97,8,
3711,2021-08-30,17.28.04,7,9,97,9,
3712,2021-08-30,19.28.04,7,9,98,1,
3713,2021-08-30,21.28.04,8,0,98,3,
3714,2021-08-30,23.28.04,8,0,98,4,
3715,2021-08-31,01.28.04,8,0,98,5,
3716,2021-08-31,03.28.04,7,9,98,6,
3717,2021-08-31,05.28.04,7,5,98,7,
3718,2021-08-31,07.28.04,7,2,98,8,
3719,2021-08-31,09.28.04,7,3,98,8,
3720,2021-08-31,11.28.04,8,2,98,8,
3721,2021-08-31,13.28.04,8,3,98,2,
3722,2021-08-31,15.28.04,8,3,92,2,
3723,2021-08-31,17.28.04,8,4,90,1,
3724,2021-08-31,19.28.04,8,7,88,7,
3725,2021-08-31,21.28.04,8,9,89,0,
3726,2021-08-31,23.28.04,9,2,88,7,
3727,2021-09-01,01.28.04,9,4,88,7,
3728,2021-09-01,03.28.04,8,4,95,6,
3729,2021-09-01,05.28.04,8,1,97,1,
3730,2021-09-01,07.28.04,7,9,97,4,
3731,2021-09-01,09.28.04,8,1,97,7,
3732,2021-09-01,11.28.04,8,3,98,3,
